0 0 1 1 1 1 1 1 1 1 1 1 1 1 1 1 96 0.9 0 0 1 2
0 0 1 1 1 1 1 1 1 1 1 1 1 1 1 1 96 0.899976 0 1 1 2
0 0 1 1 1 1 1 1 1 1 1 1 1 1 1 1 96 0.899951 0 2 1 2
0 0 1 1 1 1 1 1 1 1 1 1 1 1 1 1 96 0.899927 0 3 1 2
0 0 1 1 1 1 1 1 1 1 1 1 1 1 1 1 96 0.899902 0 4 1 2
0 0 1 1 1 1 1 1 1 1 1 1 1 1 1 1 96 0.899878 0 5 1 2
0 0 1 1 1 1 1 1 1 1 1 1 1 1 1 1 96 0.899854 0 6 1 2
0 0 1 1 1 1 1 1 1 1 1 1 1 1 1 1 96 0.899829 0 7 1 2
0 0 1 1 1 1 1 1 1 1 1 1 1 1 1 1 96 0.899805 0 8 1 2
0 0 1 1 1 1 1 1 1 1 1 1 1 1 1 1 96 0.89978 0 9 1 2
0 0 1 1 1 1 1 1 1 1 1 1 1 1 1 1 96 0.899756 0 10 1 2
0 0 1 1 1 1 1 1 1 1 1 1 1 1 1 1 96 0.899732 0 11 1 2
0 0 1 1 1 1 1 1 1 1 1 1 1 1 1 1 96 0.899707 0 12 1 2
0 0 1 1 1 1 1 1 1 1 1 1 1 1 1 1 96 0.899683 0 13 1 2
0 0 1 1 1 1 1 1 1 1 1 1 1 1 1 1 96 0.899658 0 14 1 2
0 0 1 1 1 1 1 1 1 1 1 1 1 1 1 1 96 0.899634 0 15 1 2
0 0 1 1 1 1 1 1 1 1 1 1 1 1 1 1 96 0.89961 0 16 1 2
0 0 1 1 1 1 1 1 1 1 1 1 1 1 1 1 96 0.899585 0 17 1 2
0 0 1 1 1 1 1 1 1 1 1 1 1 1 1 1 96 0.899561 0 18 1 2
0 0 1 1 1 1 1 1 1 1 1 1 1 1 1 1 96 0.899537 0 19 1 2
0 0 1 1 1 1 1 1 1 1 1 1 1 1 1 1 96 0.899512 0 20 1 2
0 1 1 1 1 1 1 1 1 1 1 1 1 1 1 1 96 0.899488 3 21 0 2
0 1 1 1 1 1 1 1 1 1 1 1 1 1 1 1 96 0.899383 5.9 22 0 2
0 1 1 1 1 1 1 1 1 1 1 1 1 1 1 1 96 0.899173 8.6 23 0 2
0 1 1 1 1 1 1 1 1 1 1 1 1 1 1 1 96 0.898877 11.5 24 0 2
0 1 1 1 1 1 1 1 1 1 1 1 1 1 1 1 96 0.89846 14.3 25 0 2
0 1 1 1 1 1 1 1 1 1 1 1 1 1 1 1 96 0.897947 16.9 26 0 2
0 1 1 1 1 1 1 1 1 1 1 1 1 1 1 1 96 0.897368 17.3 27 0 2
0 1 1 1 1 1 1 1 1 1 1 1 1 1 1 1 96 0.897166 18.1 28 0 2
0 1 1 1 1 1 1 1 1 1 1 1 1 1 1 1 96 0.89689 20.7 29 0 2
0 1 1 1 1 1 1 1 1 1 1 1 1 1 1 1 96 0.89619 21.7 30 0 2
0 1 1 1 1 1 1 1 1 1 1 1 1 1 1 1 96 0.895811 22.4 31 0 2
0 1 1 1 1 1 1 1 1 1 1 1 1 1 1 1 96 0.895508 22.5 32 0 2
0 1 1 1 1 1 1 1 1 1 1 1 1 1 1 1 96 0.89534 21.99129 33 1 2
0 1 1 1 1 1 1 1 1 1 1 1 1 1 1 1 96 0.895279 21.315867 34 1 2
0 1 1 1 1 1 1 1 1 1 1 1 1 1 1 1 96 0.895235 20.773119 35 1 2
0 1 1 1 1 1 1 1 1 1 1 1 1 1 1 1 96 0.89518 20.304907 36 1 2
0 1 1 1 1 1 1 1 1 1 1 1 1 1 1 1 96 0.895117 19.597445 37 1 2
0 1 1 1 1 1 1 1 1 1 1 1 1 1 1 1 96 0.895075 17 38 1 2
0 1 1 1 1 1 1 1 1 1 1 1 1 1 1 1 96 0.895275 14.9 39 1 2
0 1 1 1 1 1 1 1 1 1 1 1 1 1 1 1 96 0.895402 14.9 40 0 2
0 1 1 1 1 1 1 1 1 1 1 1 1 1 1 1 96 0.895295 15.2 41 0 2
0 1 1 1 1 1 1 1 1 1 1 1 1 1 1 1 96 0.895135 15.5 42 0 2
0 1 1 1 1 1 1 1 1 1 1 1 1 1 1 1 96 0.894972 16 43 0 2
0 1 1 1 1 1 1 1 1 1 1 1 1 1 1 1 96 0.894773 17.1 44 0 2
0 1 1 1 1 1 1 1 1 1 1 1 1 1 1 1 96 0.894461 19.1 45 0 2
0 1 1 1 1 1 1 1 1 1 1 1 1 1 1 1 96 0.893938 21.1 46 0 2
0 1 1 1 1 1 1 1 1 1 1 1 1 1 1 1 96 0.893354 22.7 47 0 2
0 1 1 1 1 1 1 1 1 1 1 1 1 1 1 1 96 0.892821 22.9 48 0 2
0 1 1 1 1 1 1 1 1 1 1 1 1 1 1 1 96 0.892625 22.7 49 0 2
0 1 1 1 1 1 1 1 1 1 1 1 1 1 1 1 96 0.892525 22.6 50 0 2
0 1 1 1 1 1 1 1 1 1 1 1 1 1 1 1 96 0.892403 20.471715 51 1 2
0 1 1 1 1 1 1 1 1 1 1 1 1 1 1 1 96 0.89248 18.024648 52 1 2
0 1 1 1 1 1 1 1 1 1 1 1 1 1 1 1 96 0.892573 16.552409 53 1 2
0 1 1 1 1 1 1 1 1 1 1 1 1 1 1 1 96 0.892589 15.384838 54 1 2
0 1 1 1 1 1 1 1 1 1 1 1 1 1 1 1 96 0.892578 15.8 55 0 2
0 1 1 1 1 1 1 1 1 1 1 1 1 1 1 1 96 0.892402 17.7 56 0 2
0 1 1 1 1 1 1 1 1 1 1 1 1 1 1 1 96 0.891939 19.8 57 0 2
0 1 1 1 1 1 1 1 1 1 1 1 1 1 1 1 96 0.891372 21.6 58 0 2
0 1 1 1 1 1 1 1 1 1 1 1 1 1 1 1 96 0.89082 23.2 59 0 2
0 1 1 1 1 1 1 1 1 1 1 1 1 1 1 1 96 0.890275 24.2 60 0 2
0 1 1 1 1 1 1 1 1 1 1 1 1 1 1 1 96 0.889855 24.6 61 0 2
0 1 1 1 1 1 1 1 1 1 1 1 1 1 1 1 96 0.889596 24.9 62 0 2
0 1 1 1 1 1 1 1 1 1 1 1 1 1 1 1 96 0.88936 25 63 0 2
0 1 1 1 1 1 1 1 1 1 1 1 1 1 1 1 96 0.889174 24.503823 64 1 2
0 1 1 1 1 1 1 1 1 1 1 1 1 1 1 1 96 0.889108 24.5 65 0 2
0 1 1 1 1 1 1 1 1 1 1 1 1 1 1 1 96 0.888954 24.7 66 0 2
0 1 1 1 1 1 1 1 1 1 1 1 1 1 1 1 96 0.888746 24.8 67 0 2
0 1 1 1 1 1 1 1 1 1 1 1 1 1 1 1 96 0.888562 24.7 68 0 2
0 1 1 1 1 1 1 1 1 1 1 1 1 1 1 1 96 0.888429 24.6 69 0 2
0 1 1 1 1 1 1 1 1 1 1 1 1 1 1 1 96 0.888296 24.6 70 0 2
0 1 1 1 1 1 1 1 1 1 1 1 1 1 1 1 96 0.888139 25.1 71 0 2
0 1 1 1 1 1 1 1 1 1 1 1 1 1 1 1 96 0.887852 25.6 72 0 2
0 1 1 1 1 1 1 1 1 1 1 1 1 1 1 1 96 0.887558 25.7 73 0 2
0 1 1 1 1 1 1 1 1 1 1 1 1 1 1 1 96 0.887366 25.38757 74 0 2
0 1 1 1 1 1 1 1 1 1 1 1 1 1 1 1 96 0.887278 24.735827 75 1 2
0 1 1 1 1 1 1 1 1 1 1 1 1 1 1 1 96 0.887229 25 76 0 2
0 1 1 1 1 1 1 1 1 1 1 1 1 1 1 1 96 0.887005 25.4 77 0 2
0 1 1 1 1 1 1 1 1 1 1 1 1 1 1 1 96 0.886739 26 78 0 2
0 1 1 1 1 1 1 1 1 1 1 1 1 1 1 1 96 0.886414 26 79 0 2
0 1 1 1 1 1 1 1 1 1 1 1 1 1 1 1 96 0.886245 25.689206 80 0 2
0 1 1 1 1 1 1 1 1 1 1 1 1 1 1 1 96 0.886163 26.1 81 0 2
0 1 1 1 1 1 1 1 1 1 1 1 1 1 1 1 96 0.885894 26.7 82 0 2
0 1 1 1 1 1 1 1 1 1 1 1 1 1 1 1 96 0.885566 27.5 83 0 2
0 1 1 1 1 1 1 1 1 1 1 1 1 1 1 1 96 0.885166 28.6 84 0 2
0 1 1 1 1 1 1 1 1 1 1 1 1 1 1 1 96 0.884653 29.3 85 0 2
0 1 1 1 1 1 1 1 1 1 1 1 1 1 1 1 96 0.88425 29.8 86 0 2
0 1 1 1 1 1 1 1 1 1 1 1 1 1 1 1 96 0.883901 30.1 87 0 2
0 1 1 1 1 1 1 1 1 1 1 1 1 1 1 1 96 0.883611 30.4 88 0 2
0 1 1 1 1 1 1 1 1 1 1 1 1 1 1 1 96 0.883318 30.7 89 0 2
0 1 1 1 1 1 1 1 1 1 1 1 1 1 1 1 96 0.883022 30.7 90 0 2
0 1 1 1 1 1 1 1 1 1 1 1 1 1 1 1 96 0.882831 30.5 91 0 2
0 1 1 1 1 1 1 1 1 1 1 1 1 1 1 1 96 0.882704 30.4 92 0 2
0 1 1 1 1 1 1 1 1 1 1 1 1 1 1 1 96 0.882547 30.3 93 0 2
0 1 1 1 1 1 1 1 1 1 1 1 1 1 1 1 96 0.882391 30.4 94 0 2
0 1 1 1 1 1 1 1 1 1 1 1 1 1 1 1 96 0.882172 30.8 95 0 2
0 1 1 1 1 1 1 1 1 1 1 1 1 1 1 1 96 0.881856 30.337975 96 1 2
0 1 1 1 1 1 1 1 1 1 1 1 1 1 1 1 96 0.881786 29.804614 97 1 2
0 1 1 1 1 1 1 1 1 1 1 1 1 1 1 1 96 0.881727 29.5 98 0 2
0 1 1 1 1 1 1 1 1 1 1 1 1 1 1 1 96 0.881637 29.8 99 0 2
0 1 1 1 1 1 1 1 1 1 1 1 1 1 1 1 96 0.881363 30.3 100 0 2
0 1 1 1 1 1 1 1 1 1 1 1 1 1 1 1 96 0.881021 30.7 101 0 2
0 1 1 1 1 1 1 1 1 1 1 1 1 1 1 1 96 0.880704 30.9 102 0 2
0 1 1 1 1 1 1 1 1 1 1 1 1 1 1 1 96 0.880449 31 103 0 2
0 1 1 1 1 1 1 1 1 1 1 1 1 1 1 1 96 0.880225 30.9 104 0 2
0 1 1 1 1 1 1 1 1 1 1 1 1 1 1 1 96 0.880064 30.258624 105 1 2
0 1 1 1 1 1 1 1 1 1 1 1 1 1 1 1 96 0.880016 29.687587 106 1 2
0 1 1 1 1 1 1 1 1 1 1 1 1 1 1 1 96 0.879962 29.9 107 0 2
0 1 1 1 1 1 1 1 1 1 1 1 1 1 1 1 96 0.879716 30.2 108 0 2
0 1 1 1 1 1 1 1 1 1 1 1 1 1 1 1 96 0.879437 30.7 109 0 2
0 1 1 1 1 1 1 1 1 1 1 1 1 1 1 1 96 0.87909 31.2 110 0 2
0 1 1 1 1 1 1 1 1 1 1 1 1 1 1 1 96 0.878735 31.8 111 0 2
0 1 1 1 1 1 1 1 1 1 1 1 1 1 1 1 96 0.87834 32.2 112 0 2
0 1 1 1 1 1 1 1 1 1 1 1 1 1 1 1 96 0.878004 32.4 113 0 2
0 1 1 1 1 1 1 1 1 1 1 1 1 1 1 1 96 0.877734 32.2 114 0 2
0 1 1 1 1 1 1 1 1 1 1 1 1 1 1 1 96 0.877597 31.567278 115 1 2
0 1 1 1 1 1 1 1 1 1 1 1 1 1 1 1 96 0.877546 28.6 116 1 2
0 1 1 1 1 1 1 1 1 1 1 1 1 1 1 1 96 0.87794 25.3 117 1 2
0 1 1 1 1 1 1 1 1 1 1 1 1 1 1 1 96 0.878339 22 118 1 2
0 1 1 1 1 1 1 1 1 1 1 1 1 1 1 1 96 0.878687 18.7 119 1 2
0 1 1 1 1 1 1 1 1 1 1 1 1 1 1 1 96 0.878982 15.4 120 1 2
0 1 1 1 1 1 1 1 1 1 1 1 1 1 1 1 96 0.879229 12.1 121 1 2
0 1 1 1 1 1 1 1 1 1 1 1 1 1 1 1 96 0.879429 8.8 122 1 2
0 1 1 1 1 1 1 1 1 1 1 1 1 1 1 1 96 0.879569 5.5 123 1 2
0 1 1 1 1 1 1 1 1 1 1 1 1 1 1 1 96 0.879639 2.2 124 1 2
0 0 1 1 1 1 1 1 1 1 1 1 1 1 1 1 96 0.879651 0 125 1 2
0 0 1 1 1 1 1 1 1 1 1 1 1 1 1 1 96 0.87961 0 126 1 2
0 0 1 1 1 1 1 1 1 1 1 1 1 1 1 1 96 0.879586 0 127 1 2
0 0 1 1 1 1 1 1 1 1 1 1 1 1 1 1 96 0.879562 0 128 1 2
0 0 1 1 1 1 1 1 1 1 1 1 1 1 1 1 96 0.879537 0 129 1 2
0 0 1 1 1 1 1 1 1 1 1 1 1 1 1 1 96 0.879513 0 130 1 2
0 0 1 1 1 1 1 1 1 1 1 1 1 1 1 1 96 0.879488 0 131 1 2
0 0 1 1 1 1 1 1 1 1 1 1 1 1 1 1 96 0.879464 0 132 1 2
0 0 1 1 1 1 1 1 1 1 1 1 1 1 1 1 96 0.879439 0 133 1 2
0 0 1 1 1 1 1 1 1 1 1 1 1 1 1 1 96 0.879415 0 134 1 2
0 0 1 1 1 1 1 1 1 1 1 1 1 1 1 1 96 0.879391 0 135 1 2
0 0 1 1 1 1 1 1 1 1 1 1 1 1 1 1 96 0.879366 0 136 1 2
0 0 1 1 1 1 1 1 1 1 1 1 1 1 1 1 96 0.879342 0 137 1 2
0 0 1 1 1 1 1 1 1 1 1 1 1 1 1 1 96 0.879317 0 138 1 2
0 0 1 1 1 1 1 1 1 1 1 1 1 1 1 1 96 0.879293 0 139 1 2
0 0 1 1 1 1 1 1 1 1 1 1 1 1 1 1 96 0.879268 0 140 1 2
0 0 1 1 1 1 1 1 1 1 1 1 1 1 1 1 96 0.879244 0 141 1 2
0 0 1 1 1 1 1 1 1 1 1 1 1 1 1 1 96 0.879219 0 142 1 2
0 0 1 1 1 1 1 1 1 1 1 1 1 1 1 1 96 0.879195 0 143 1 2
0 0 1 1 1 1 1 1 1 1 1 1 1 1 1 1 96 0.879171 0 144 1 2
0 0 1 1 1 1 1 1 1 1 1 1 1 1 1 1 96 0.879146 0 145 1 2
0 0 1 1 1 1 1 1 1 1 1 1 1 1 1 1 96 0.879122 0 146 1 2
0 0 1 1 1 1 1 1 1 1 1 1 1 1 1 1 96 0.879097 0 147 1 2
0 0 1 1 1 1 1 1 1 1 1 1 1 1 1 1 96 0.879073 0 148 1 2
0 0 1 1 1 1 1 1 1 1 1 1 1 1 1 1 96 0.879048 0 149 1 2
0 0 1 1 1 1 1 1 1 1 1 1 1 1 1 1 96 0.879024 0 150 1 2
0 0 1 1 1 1 1 1 1 1 1 1 1 1 1 1 96 0.879 0 151 1 2
0 0 1 1 1 1 1 1 1 1 1 1 1 1 1 1 96 0.878975 0 152 1 2
0 0 1 1 1 1 1 1 1 1 1 1 1 1 1 1 96 0.878951 0 153 1 2
0 0 1 1 1 1 1 1 1 1 1 1 1 1 1 1 96 0.878926 0 154 1 2
0 0 1 1 1 1 1 1 1 1 1 1 1 1 1 1 96 0.878902 0 155 1 2
0 0 1 1 1 1 1 1 1 1 1 1 1 1 1 1 96 0.878877 0 156 1 2
0 0 1 1 1 1 1 1 1 1 1 1 1 1 1 1 96 0.878853 0 157 1 2
0 0 1 1 1 1 1 1 1 1 1 1 1 1 1 1 96 0.878828 0 158 1 2
0 0 1 1 1 1 1 1 1 1 1 1 1 1 1 1 96 0.878804 0 159 1 2
0 0 1 1 1 1 1 1 1 1 1 1 1 1 1 1 96 0.87878 0 160 1 2
0 0 1 1 1 1 1 1 1 1 1 1 1 1 1 1 96 0.878755 0 161 1 2
0 0 1 1 1 1 1 1 1 1 1 1 1 1 1 1 96 0.878731 0 162 1 2
0 0 1 1 1 1 1 1 1 1 1 1 1 1 1 1 96 0.878706 0 163 1 2
0 0 1 1 1 1 1 1 1 1 1 1 1 1 1 1 96 0.878682 3.3 164 1 2
0 1 1 1 1 1 1 1 1 1 1 1 1 1 1 1 96 0.878567 6.6 165 0 2
0 1 1 1 1 1 1 1 1 1 1 1 1 1 1 1 96 0.878314 9.9 166 0 2
0 1 1 1 1 1 1 1 1 1 1 1 1 1 1 1 96 0.877928 13.2 167 0 2
0 1 1 1 1 1 1 1 1 1 1 1 1 1 1 1 96 0.877398 16.5 168 0 2
0 1 1 1 1 1 1 1 1 1 1 1 1 1 1 1 96 0.876722 19.8 169 0 2
0 1 1 1 1 1 1 1 1 1 1 1 1 1 1 1 96 0.875898 22.2 170 0 2
0 1 1 1 1 1 1 1 1 1 1 1 1 1 1 1 96 0.87518 24.3 171 0 2
0 1 1 1 1 1 1 1 1 1 1 1 1 1 1 1 96 0.874471 25.8 172 0 2
0 1 1 1 1 1 1 1 1 1 1 1 1 1 1 1 96 0.873886 26.4 173 0 2
0 1 1 1 1 1 1 1 1 1 1 1 1 1 1 1 96 0.873552 25.37141 174 1 2
0 1 1 1 1 1 1 1 1 1 1 1 1 1 1 1 96 0.873547 25.1 175 0 2
0 1 1 1 1 1 1 1 1 1 1 1 1 1 1 1 96 0.873463 24.604352 176 1 2
0 1 1 1 1 1 1 1 1 1 1 1 1 1 1 1 96 0.873402 25 177 0 2
0 1 1 1 1 1 1 1 1 1 1 1 1 1 1 1 96 0.873148 25.2 178 0 2
0 1 1 1 1 1 1 1 1 1 1 1 1 1 1 1 96 0.872939 25.4 179 0 2
0 1 1 1 1 1 1 1 1 1 1 1 1 1 1 1 96 0.87273 25.8 180 0 2
0 1 1 1 1 1 1 1 1 1 1 1 1 1 1 1 96 0.872465 27.2 181 0 2
0 1 1 1 1 1 1 1 1 1 1 1 1 1 1 1 96 0.871889 26.175936 182 1 2
0 1 1 1 1 1 1 1 1 1 1 1 1 1 1 1 96 0.871882 24 183 1 2
0 1 1 1 1 1 1 1 1 1 1 1 1 1 1 1 96 0.872107 21.878602 184 1 2
0 1 1 1 1 1 1 1 1 1 1 1 1 1 1 1 96 0.872197 19.4 185 1 2
0 1 1 1 1 1 1 1 1 1 1 1 1 1 1 1 96 0.872411 17.7 186 1 2
0 1 1 1 1 1 1 1 1 1 1 1 1 1 1 1 96 0.872522 16.990923 187 1 2
0 1 1 1 1 1 1 1 1 1 1 1 1 1 1 1 96 0.872481 18.1 188 0 2
0 1 1 1 1 1 1 1 1 1 1 1 1 1 1 1 96 0.872158 18.6 189 0 2
0 1 1 1 1 1 1 1 1 1 1 1 1 1 1 1 96 0.871937 20 190 0 2
0 1 1 1 1 1 1 1 1 1 1 1 1 1 1 1 96 0.871512 22.2 191 0 2
0 1 1 1 1 1 1 1 1 1 1 1 1 1 1 1 96 0.870848 24.5 192 0 2
0 1 1 1 1 1 1 1 1 1 1 1 1 1 1 1 96 0.870077 27.3 193 0 2
0 1 1 1 1 1 1 1 1 1 1 1 1 1 1 1 96 0.869161 30.5 194 0 2
0 1 1 1 1 1 1 1 1 1 1 1 1 1 1 1 96 0.868064 33.5 195 0 2
0 1 1 1 1 1 1 1 1 1 1 1 1 1 1 1 96 0.866924 36.2 196 0 2
0 1 1 1 1 1 1 1 1 1 1 1 1 1 1 1 96 0.865691 37.3 197 0 2
0 1 1 1 1 1 1 1 1 1 1 1 1 1 1 1 96 0.864982 39.3 198 0 2
0 1 1 1 1 1 1 1 1 1 1 1 1 1 1 1 96 0.864011 40.5 199 0 2
0 1 1 1 1 1 1 1 1 1 1 1 1 1 1 1 96 0.863179 42.1 200 0 2
0 1 1 1 1 1 1 1 1 1 1 1 1 1 1 1 96 0.862247 43.5 201 0 2
0 1 1 1 1 1 1 1 1 1 1 1 1 1 1 1 96 0.861286 45.1 202 0 2
0 1 1 1 1 1 1 1 1 1 1 1 1 1 1 1 96 0.860293 46 203 0 2
0 1 1 1 1 1 1 1 1 1 1 1 1 1 1 1 96 0.859481 46.8 204 0 2
0 1 1 1 1 1 1 1 1 1 1 1 1 1 1 1 96 0.858709 47.5 205 0 2
0 1 1 1 1 1 1 1 1 1 1 1 1 1 1 1 96 0.857977 47.5 206 0 2
0 1 1 1 1 1 1 1 1 1 1 1 1 1 1 1 96 0.857615 47.3 207 0 2
0 1 1 1 1 1 1 1 1 1 1 1 1 1 1 1 96 0.857368 47.2 208 0 2
0 1 1 1 1 1 1 1 1 1 1 1 1 1 1 1 96 0.857074 47 209 0 2
0 1 1 1 1 1 1 1 1 1 1 1 1 1 1 1 96 0.85683 47 210 0 2
0 1 1 1 1 1 1 1 1 1 1 1 1 1 1 1 96 0.856489 47 211 0 2
0 1 1 1 1 1 1 1 1 1 1 1 1 1 1 1 96 0.856147 47 212 0 2
0 1 1 1 1 1 1 1 1 1 1 1 1 1 1 1 96 0.855806 47 213 0 2
0 1 1 1 1 1 1 1 1 1 1 1 1 1 1 1 96 0.855464 47.2 214 0 2
0 1 1 1 1 1 1 1 1 1 1 1 1 1 1 1 96 0.85502 47.4 215 0 2
0 1 1 1 1 1 1 1 1 1 1 1 1 1 1 1 96 0.854572 47.9 216 0 2
0 1 1 1 1 1 1 1 1 1 1 1 1 1 1 1 96 0.853991 48.5 217 0 2
0 1 1 1 1 1 1 1 1 1 1 1 1 1 1 1 96 0.853404 49.1 218 0 2
0 1 1 1 1 1 1 1 1 1 1 1 1 1 1 1 96 0.852813 49.5 219 0 2
0 1 1 1 1 1 1 1 1 1 1 1 1 1 1 1 96 0.852217 50 220 0 2
0 1 1 1 1 1 1 1 1 1 1 1 1 1 1 1 96 0.851618 50.6 221 0 2
0 1 1 1 1 1 1 1 1 1 1 1 1 1 1 1 96 0.851014 51 222 0 2
0 1 1 1 1 1 1 1 1 1 1 1 1 1 1 1 96 0.850407 51.5 223 0 2
0 1 1 1 1 1 1 1 1 1 1 1 1 1 1 1 96 0.849795 52.2 224 0 2
0 1 1 1 1 1 1 1 1 1 1 1 1 1 1 1 96 0.849157 53.2 225 0 2
0 1 1 1 1 1 1 1 1 1 1 1 1 1 1 1 96 0.848309 54.1 226 0 2
0 1 1 1 1 1 1 1 1 1 1 1 1 1 1 1 96 0.847505 54.6 227 0 2
0 1 1 1 1 1 1 1 1 1 1 1 1 1 1 1 96 0.846866 54.9 228 0 2
0 1 1 1 1 1 1 1 1 1 1 1 1 1 1 1 96 0.846226 55 229 0 2
0 1 1 1 1 1 1 1 1 1 1 1 1 1 1 1 96 0.845708 54.9 230 0 2
0 1 1 1 1 1 1 1 1 1 1 1 1 1 1 1 96 0.84531 54.6 231 0 2
0 1 1 1 1 1 1 1 1 1 1 1 1 1 1 1 96 0.845031 54.6 232 0 2
0 1 1 1 1 1 1 1 1 1 1 1 1 1 1 1 96 0.84458 54.8 233 0 2
0 1 1 1 1 1 1 1 1 1 1 1 1 1 1 1 96 0.844003 55.1 234 0 2
0 1 1 1 1 1 1 1 1 1 1 1 1 1 1 1 96 0.843369 55.5 235 0 2
0 1 1 1 1 1 1 1 1 1 1 1 1 1 1 1 96 0.842733 55.7 236 0 2
0 1 1 1 1 1 1 1 1 1 1 1 1 1 1 1 96 0.842138 56.1 237 0 2
0 1 1 1 1 1 1 1 1 1 1 1 1 1 1 1 96 0.841499 56.3 238 0 2
0 1 1 1 1 1 1 1 1 1 1 1 1 1 1 1 96 0.840891 56.6 239 0 2
0 1 1 1 1 1 1 1 1 1 1 1 1 1 1 1 96 0.84025 56.7 240 0 2
0 1 1 1 1 1 1 1 1 1 1 1 1 1 1 1 96 0.8397 56.7 241 0 2
0 1 1 1 1 1 1 1 1 1 1 1 1 1 1 1 96 0.839213 56.5 242 0 2
0 1 1 1 1 1 1 1 1 1 1 1 1 1 1 1 96 0.83885 56.5 243 0 2
0 1 1 1 1 1 1 1 1 1 1 1 1 1 1 1 96 0.838367 56.5 244 0 2
0 1 1 1 1 1 1 1 1 1 1 1 1 1 1 1 96 0.837884 56.5 245 0 2
0 1 1 1 1 1 1 1 1 1 1 1 1 1 1 1 96 0.8374 56.5 246 0 2
0 1 1 1 1 1 1 1 1 1 1 1 1 1 1 1 96 0.836917 56.5 247 0 2
0 1 1 1 1 1 1 1 1 1 1 1 1 1 1 1 96 0.836434 56.4 248 0 2
0 1 1 1 1 1 1 1 1 1 1 1 1 1 1 1 96 0.836013 56.1 249 0 2
0 1 1 1 1 1 1 1 1 1 1 1 1 1 1 1 96 0.835714 55.8 250 0 2
0 1 1 1 1 1 1 1 1 1 1 1 1 1 1 1 96 0.835421 55.02597 251 1 2
0 1 1 1 1 1 1 1 1 1 1 1 1 1 1 1 96 0.835349 54.6 252 0 2
0 1 1 1 1 1 1 1 1 1 1 1 1 1 1 1 96 0.835143 54.2 253 0 2
0 1 1 1 1 1 1 1 1 1 1 1 1 1 1 1 96 0.834925 54 254 0 2
0 1 1 1 1 1 1 1 1 1 1 1 1 1 1 1 96 0.834598 53.7 255 0 2
0 1 1 1 1 1 1 1 1 1 1 1 1 1 1 1 96 0.83433 53.6 256 0 2
0 1 1 1 1 1 1 1 1 1 1 1 1 1 1 1 96 0.833951 53.9 257 0 2
0 1 1 1 1 1 1 1 1 1 1 1 1 1 1 1 96 0.833362 54 258 0 2
0 1 1 1 1 1 1 1 1 1 1 1 1 1 1 1 96 0.83286 54.1 259 0 2
0 1 1 1 1 1 1 1 1 1 1 1 1 1 1 1 96 0.832358 54.1 260 0 2
0 1 1 1 1 1 1 1 1 1 1 1 1 1 1 1 96 0.831914 53.8 261 0 2
0 1 1 1 1 1 1 1 1 1 1 1 1 1 1 1 96 0.831644 53.4 262 0 2
0 1 1 1 1 1 1 1 1 1 1 1 1 1 1 1 96 0.831435 53 263 0 2
0 1 1 1 1 1 1 1 1 1 1 1 1 1 1 1 96 0.83123 52.6 264 0 2
0 1 1 1 1 1 1 1 1 1 1 1 1 1 1 1 96 0.83103 52.1 265 0 2
0 1 1 1 1 1 1 1 1 1 1 1 1 1 1 1 96 0.830888 52.4 266 0 2
0 1 1 1 1 1 1 1 1 1 1 1 1 1 1 1 96 0.830323 52 267 0 2
0 1 1 1 1 1 1 1 1 1 1 1 1 1 1 1 96 0.830127 51.9 268 0 2
0 1 1 1 1 1 1 1 1 1 1 1 1 1 1 1 96 0.829773 51.7 269 0 2
0 1 1 1 1 1 1 1 1 1 1 1 1 1 1 1 96 0.829474 51.5 270 0 2
0 1 1 1 1 1 1 1 1 1 1 1 1 1 1 1 96 0.829179 51.6 271 0 2
0 1 1 1 1 1 1 1 1 1 1 1 1 1 1 1 96 0.828718 51.8 272 0 2
0 1 1 1 1 1 1 1 1 1 1 1 1 1 1 1 96 0.828196 52.1 273 0 2
0 1 1 1 1 1 1 1 1 1 1 1 1 1 1 1 96 0.827642 52.5 274 0 2
0 1 1 1 1 1 1 1 1 1 1 1 1 1 1 1 96 0.827085 53 275 0 2
0 1 1 1 1 1 1 1 1 1 1 1 1 1 1 1 96 0.826526 53.5 276 0 2
0 1 1 1 1 1 1 1 1 1 1 1 1 1 1 1 96 0.825962 54 277 0 2
0 1 1 1 1 1 1 1 1 1 1 1 1 1 1 1 96 0.825396 54.9 278 0 2
0 1 1 1 1 1 1 1 1 1 1 1 1 1 1 1 96 0.824645 55.4 279 0 2
0 1 1 1 1 1 1 1 1 1 1 1 1 1 1 1 96 0.824068 55.6 280 0 2
0 1 1 1 1 1 1 1 1 1 1 1 1 1 1 1 96 0.823491 56 281 0 2
0 1 1 1 1 1 1 1 1 1 1 1 1 1 1 1 96 0.822911 56 282 0 2
0 1 1 1 1 1 1 1 1 1 1 1 1 1 1 1 96 0.822435 55.8 283 0 2
0 1 1 1 1 1 1 1 1 1 1 1 1 1 1 1 96 0.822082 55.2 284 0 2
0 1 1 1 1 1 1 1 1 1 1 1 1 1 1 1 96 0.821965 54.418968 285 1 2
0 1 1 1 1 1 1 1 1 1 1 1 1 1 1 1 96 0.821897 53.414789 286 1 2
0 1 1 1 1 1 1 1 1 1 1 1 1 1 1 1 96 0.821885 52.226742 287 1 2
0 1 1 1 1 1 1 1 1 1 1 1 1 1 1 1 96 0.821916 51.363983 288 1 2
0 1 1 1 1 1 1 1 1 1 1 1 1 1 1 1 96 0.821881 51.5 289 0 2
0 1 1 1 1 1 1 1 1 1 1 1 1 1 1 1 96 0.821405 51.5 290 0 2
0 1 1 1 1 1 1 1 1 1 1 1 1 1 1 1 96 0.821001 51.1 291 0 2
0 1 1 1 1 1 1 1 1 1 1 1 1 1 1 1 96 0.820815 49.733121 292 1 2
0 1 1 1 1 1 1 1 1 1 1 1 1 1 1 1 96 0.820879 50 293 0 2
0 1 1 1 1 1 1 1 1 1 1 1 1 1 1 1 96 0.820366 50.1 294 0 2
0 1 1 1 1 1 1 1 1 1 1 1 1 1 1 1 96 0.819928 50 295 0 2
0 1 1 1 1 1 1 1 1 1 1 1 1 1 1 1 96 0.819598 49.6 296 0 2
0 1 1 1 1 1 1 1 1 1 1 1 1 1 1 1 96 0.819426 49.5 297 0 2
0 1 1 1 1 1 1 1 1 1 1 1 1 1 1 1 96 0.819103 49.5 298 0 2
0 1 1 1 1 1 1 1 1 1 1 1 1 1 1 1 96 0.818728 49.5 299 0 2
0 1 1 1 1 1 1 1 1 1 1 1 1 1 1 1 96 0.818352 49.1 300 0 2
0 1 1 1 1 1 1 1 1 1 1 1 1 1 1 1 96 0.818185 48.6 301 0 2
0 1 1 1 1 1 1 1 1 1 1 1 1 1 1 1 96 0.818072 48.1 302 0 2
0 1 1 1 1 1 1 1 1 1 1 1 1 1 1 1 96 0.817964 46.881806 303 1 2
0 1 1 1 1 1 1 1 1 1 1 1 1 1 1 1 96 0.818002 45.864184 304 1 2
0 1 1 1 1 1 1 1 1 1 1 1 1 1 1 1 96 0.818011 44.688341 305 1 2
0 1 1 1 1 1 1 1 1 1 1 1 1 1 1 1 96 0.818046 43.457802 306 1 2
0 1 1 1 1 1 1 1 1 1 1 1 1 1 1 1 96 0.818092 42.27081 307 1 2
0 1 1 1 1 1 1 1 1 1 1 1 1 1 1 1 96 0.818132 41.229687 308 1 2
0 1 1 1 1 1 1 1 1 1 1 1 1 1 1 1 96 0.818148 39.893419 309 1 2
0 1 1 1 1 1 1 1 1 1 1 1 1 1 1 1 96 0.818209 37.710976 310 1 2
0 1 1 1 1 1 1 1 1 1 1 1 1 1 1 1 96 0.818389 36.73912 311 1 2
0 1 1 1 1 1 1 1 1 1 1 1 1 1 1 1 96 0.8184 34.268918 312 1 2
0 1 1 1 1 1 1 1 1 1 1 1 1 1 1 1 96 0.818596 33.706649 313 1 2
0 1 1 1 1 1 1 1 1 1 1 1 1 1 1 1 96 0.818549 31.812398 314 1 2
0 1 1 1 1 1 1 1 1 1 1 1 1 1 1 1 96 0.818662 31.5 315 0 2
0 1 1 1 1 1 1 1 1 1 1 1 1 1 1 1 96 0.818577 30.14256 316 1 2
0 1 1 1 1 1 1 1 1 1 1 1 1 1 1 1 96 0.81862 30.5 317 0 2
0 1 1 1 1 1 1 1 1 1 1 1 1 1 1 1 96 0.818327 29.856033 318 1 2
0 1 1 1 1 1 1 1 1 1 1 1 1 1 1 1 96 0.818281 28.567094 319 1 2
0 1 1 1 1 1 1 1 1 1 1 1 1 1 1 1 96 0.818314 26.890286 320 1 2
0 1 1 1 1 1 1 1 1 1 1 1 1 1 1 1 96 0.818387 24.8 321 1 2
0 1 1 1 1 1 1 1 1 1 1 1 1 1 1 1 96 0.818604 21.5 322 1 2
0 1 1 1 1 1 1 1 1 1 1 1 1 1 1 1 96 0.818945 19.186584 323 1 2
0 1 1 1 1 1 1 1 1 1 1 1 1 1 1 1 96 0.819037 19.1 324 0 2
0 1 1 1 1 1 1 1 1 1 1 1 1 1 1 1 96 0.818936 18.216357 325 1 2
0 1 1 1 1 1 1 1 1 1 1 1 1 1 1 1 96 0.818909 16.219752 326 1 2
0 1 1 1 1 1 1 1 1 1 1 1 1 1 1 1 96 0.818955 15.109815 327 1 2
0 1 1 1 1 1 1 1 1 1 1 1 1 1 1 1 96 0.818941 12.5 328 1 2
0 1 1 1 1 1 1 1 1 1 1 1 1 1 1 1 96 0.819087 10.8 329 1 2
0 1 1 1 1 1 1 1 1 1 1 1 1 1 1 1 96 0.819137 8 330 1 2
0 1 1 1 1 1 1 1 1 1 1 1 1 1 1 1 96 0.819231 4.7 331 1 2
0 1 1 1 1 1 1 1 1 1 1 1 1 1 1 1 96 0.819284 1.4 332 1 2
0 0 1 1 1 1 1 1 1 1 1 1 1 1 1 1 96 0.819286 0 333 1 2
0 0 1 1 1 1 1 1 1 1 1 1 1 1 1 1 96 0.819237 0 334 1 2
0 0 1 1 1 1 1 1 1 1 1 1 1 1 1 1 96 0.819212 0 335 1 2
0 0 1 1 1 1 1 1 1 1 1 1 1 1 1 1 96 0.819187 0 336 1 2
0 0 1 1 1 1 1 1 1 1 1 1 1 1 1 1 96 0.819163 0 337 1 2
0 0 1 1 1 1 1 1 1 1 1 1 1 1 1 1 96 0.819138 0 338 1 2
0 0 1 1 1 1 1 1 1 1 1 1 1 1 1 1 96 0.819114 0 339 1 2
0 0 1 1 1 1 1 1 1 1 1 1 1 1 1 1 96 0.819089 0 340 1 2
0 0 1 1 1 1 1 1 1 1 1 1 1 1 1 1 96 0.819065 0 341 1 2
0 0 1 1 1 1 1 1 1 1 1 1 1 1 1 1 96 0.81904 0 342 1 2
0 0 1 1 1 1 1 1 1 1 1 1 1 1 1 1 96 0.819015 0 343 1 2
0 0 1 1 1 1 1 1 1 1 1 1 1 1 1 1 96 0.818991 0 344 1 2
0 0 1 1 1 1 1 1 1 1 1 1 1 1 1 1 96 0.818966 0 345 1 2
0 0 1 1 1 1 1 1 1 1 1 1 1 1 1 1 96 0.818942 0 346 1 2
0 0 1 1 1 1 1 1 1 1 1 1 1 1 1 1 96 0.818917 1 347 1 2
0 0 1 1 1 1 1 1 1 1 1 1 1 1 1 1 96 0.818848 4.3 348 1 2
0 1 1 1 1 1 1 1 1 1 1 1 1 1 1 1 96 0.818694 7.6 349 0 2
0 1 1 1 1 1 1 1 1 1 1 1 1 1 1 1 96 0.818398 10.9 350 0 2
0 1 1 1 1 1 1 1 1 1 1 1 1 1 1 1 96 0.817967 14.2 351 0 2
0 1 1 1 1 1 1 1 1 1 1 1 1 1 1 1 96 0.81739 17.3 352 0 2
0 1 1 1 1 1 1 1 1 1 1 1 1 1 1 1 96 0.816708 20 353 0 2
0 1 1 1 1 1 1 1 1 1 1 1 1 1 1 1 96 0.816202 22.5 354 0 2
0 1 1 1 1 1 1 1 1 1 1 1 1 1 1 1 96 0.81563 23.7 355 0 2
0 1 1 1 1 1 1 1 1 1 1 1 1 1 1 1 96 0.815165 25.2 356 0 2
0 1 1 1 1 1 1 1 1 1 1 1 1 1 1 1 96 0.814594 26.6 357 0 2
0 1 1 1 1 1 1 1 1 1 1 1 1 1 1 1 96 0.814017 28.1 358 0 2
0 1 1 1 1 1 1 1 1 1 1 1 1 1 1 1 96 0.813375 30 359 0 2
0 1 1 1 1 1 1 1 1 1 1 1 1 1 1 1 96 0.812616 30.8 360 0 2
0 1 1 1 1 1 1 1 1 1 1 1 1 1 1 1 96 0.812153 31.6 361 0 2
0 1 1 1 1 1 1 1 1 1 1 1 1 1 1 1 96 0.811679 32.1 362 0 2
0 1 1 1 1 1 1 1 1 1 1 1 1 1 1 1 96 0.811298 32.8 363 0 2
0 1 1 1 1 1 1 1 1 1 1 1 1 1 1 1 96 0.810838 33.6 364 0 2
0 1 1 1 1 1 1 1 1 1 1 1 1 1 1 1 96 0.81033 34.5 365 0 2
0 1 1 1 1 1 1 1 1 1 1 1 1 1 1 1 96 0.809768 34.6 366 0 2
0 1 1 1 1 1 1 1 1 1 1 1 1 1 1 1 96 0.809507 34.9 367 0 2
0 1 1 1 1 1 1 1 1 1 1 1 1 1 1 1 96 0.809173 34.8 368 0 2
0 1 1 1 1 1 1 1 1 1 1 1 1 1 1 1 96 0.808983 34.5 369 0 2
0 1 1 1 1 1 1 1 1 1 1 1 1 1 1 1 96 0.808866 34.7 370 0 2
0 1 1 1 1 1 1 1 1 1 1 1 1 1 1 1 96 0.808571 35.5 371 0 2
0 1 1 1 1 1 1 1 1 1 1 1 1 1 1 1 96 0.808121 36 372 0 2
0 1 1 1 1 1 1 1 1 1 1 1 1 1 1 1 96 0.807696 36 373 0 2
0 1 1 1 1 1 1 1 1 1 1 1 1 1 1 1 96 0.807459 36 374 0 2
0 1 1 1 1 1 1 1 1 1 1 1 1 1 1 1 96 0.807224 36 375 0 2
0 1 1 1 1 1 1 1 1 1 1 1 1 1 1 1 96 0.806988 36 376 0 2
0 1 1 1 1 1 1 1 1 1 1 1 1 1 1 1 96 0.806753 36 377 0 2
0 1 1 1 1 1 1 1 1 1 1 1 1 1 1 1 96 0.806517 36.1 378 0 2
0 1 1 1 1 1 1 1 1 1 1 1 1 1 1 1 96 0.806243 36.4 379 0 2
0 1 1 1 1 1 1 1 1 1 1 1 1 1 1 1 96 0.80589 36.5 380 0 2
0 1 1 1 1 1 1 1 1 1 1 1 1 1 1 1 96 0.805612 36.4 381 0 2
0 1 1 1 1 1 1 1 1 1 1 1 1 1 1 1 96 0.805409 35.977664 382 0 2
0 1 1 1 1 1 1 1 1 1 1 1 1 1 1 1 96 0.805327 34.692297 383 1 2
0 1 1 1 1 1 1 1 1 1 1 1 1 1 1 1 96 0.80537 33.911022 384 1 2
0 1 1 1 1 1 1 1 1 1 1 1 1 1 1 1 96 0.805348 33.450392 385 1 2
0 1 1 1 1 1 1 1 1 1 1 1 1 1 1 1 96 0.805279 31.4 386 1 2
0 1 1 1 1 1 1 1 1 1 1 1 1 1 1 1 96 0.805544 29 387 1 2
0 1 1 1 1 1 1 1 1 1 1 1 1 1 1 1 96 0.805849 25.7 388 1 2
0 1 1 1 1 1 1 1 1 1 1 1 1 1 1 1 96 0.806246 23 389 1 2
0 1 1 1 1 1 1 1 1 1 1 1 1 1 1 1 96 0.806534 20.3 390 1 2
0 1 1 1 1 1 1 1 1 1 1 1 1 1 1 1 96 0.806786 17.5 391 1 2
0 1 1 1 1 1 1 1 1 1 1 1 1 1 1 1 96 0.807012 14.5 392 1 2
0 1 1 1 1 1 1 1 1 1 1 1 1 1 1 1 96 0.807218 12 393 1 2
0 1 1 1 1 1 1 1 1 1 1 1 1 1 1 1 96 0.807349 8.7 394 1 2
0 1 1 1 1 1 1 1 1 1 1 1 1 1 1 1 96 0.807488 5.4 395 1 2
0 1 1 1 1 1 1 1 1 1 1 1 1 1 1 1 96 0.807556 2.1 396 1 2
0 0 1 1 1 1 1 1 1 1 1 1 1 1 1 1 96 0.807568 0 397 1 2
0 0 1 1 1 1 1 1 1 1 1 1 1 1 1 1 96 0.807525 0 398 1 2
0 0 1 1 1 1 1 1 1 1 1 1 1 1 1 1 96 0.807501 0 399 1 2
0 0 1 1 1 1 1 1 1 1 1 1 1 1 1 1 96 0.807476 0 400 1 2
0 0 1 1 1 1 1 1 1 1 1 1 1 1 1 1 96 0.807451 0 401 1 2
0 0 1 1 1 1 1 1 1 1 1 1 1 1 1 1 96 0.807427 0 402 1 2
0 0 1 1 1 1 1 1 1 1 1 1 1 1 1 1 96 0.807402 2.6 403 1 2
0 0 1 1 1 1 1 1 1 1 1 1 1 1 1 1 96 0.80731 5.9 404 1 2
0 1 1 1 1 1 1 1 1 1 1 1 1 1 1 1 96 0.807086 9.2 405 0 2
0 1 1 1 1 1 1 1 1 1 1 1 1 1 1 1 96 0.80673 12.5 406 0 2
0 1 1 1 1 1 1 1 1 1 1 1 1 1 1 1 96 0.806234 15.8 407 0 2
0 1 1 1 1 1 1 1 1 1 1 1 1 1 1 1 96 0.805597 19.1 408 0 2
0 1 1 1 1 1 1 1 1 1 1 1 1 1 1 1 96 0.804821 22.4 409 0 2
0 1 1 1 1 1 1 1 1 1 1 1 1 1 1 1 96 0.804237 25 410 0 2
0 1 1 1 1 1 1 1 1 1 1 1 1 1 1 1 96 0.803645 25.6 411 0 2
0 1 1 1 1 1 1 1 1 1 1 1 1 1 1 1 96 0.803316 27.5 412 0 2
0 1 1 1 1 1 1 1 1 1 1 1 1 1 1 1 96 0.802874 29 413 0 2
0 1 1 1 1 1 1 1 1 1 1 1 1 1 1 1 96 0.802408 30 414 0 2
0 1 1 1 1 1 1 1 1 1 1 1 1 1 1 1 96 0.801925 30.1 415 0 2
0 1 1 1 1 1 1 1 1 1 1 1 1 1 1 1 96 0.801694 30 416 0 2
0 1 1 1 1 1 1 1 1 1 1 1 1 1 1 1 96 0.801538 29.7 417 0 2
0 1 1 1 1 1 1 1 1 1 1 1 1 1 1 1 96 0.801443 29.230953 418 1 2
0 1 1 1 1 1 1 1 1 1 1 1 1 1 1 1 96 0.801375 28.703274 419 1 2
0 1 1 1 1 1 1 1 1 1 1 1 1 1 1 1 96 0.801315 27.682185 420 1 2
0 1 1 1 1 1 1 1 1 1 1 1 1 1 1 1 96 0.801315 25 421 1 2
0 1 1 1 1 1 1 1 1 1 1 1 1 1 1 1 96 0.801625 21.7 422 1 2
0 1 1 1 1 1 1 1 1 1 1 1 1 1 1 1 96 0.801971 18.4 423 1 2
0 1 1 1 1 1 1 1 1 1 1 1 1 1 1 1 96 0.802264 15.1 424 1 2
0 1 1 1 1 1 1 1 1 1 1 1 1 1 1 1 96 0.802508 11.8 425 1 2
0 1 1 1 1 1 1 1 1 1 1 1 1 1 1 1 96 0.802705 8.5 426 1 2
0 1 1 1 1 1 1 1 1 1 1 1 1 1 1 1 96 0.802841 5.2 427 1 2
0 1 1 1 1 1 1 1 1 1 1 1 1 1 1 1 96 0.802904 1.9 428 1 2
0 0 1 1 1 1 1 1 1 1 1 1 1 1 1 1 96 0.802913 0 429 1 2
0 0 1 1 1 1 1 1 1 1 1 1 1 1 1 1 96 0.802868 0 430 1 2
0 0 1 1 1 1 1 1 1 1 1 1 1 1 1 1 96 0.802844 0 431 1 2
0 0 1 1 1 1 1 1 1 1 1 1 1 1 1 1 96 0.802819 0 432 1 2
0 0 1 1 1 1 1 1 1 1 1 1 1 1 1 1 96 0.802795 0 433 1 2
0 0 1 1 1 1 1 1 1 1 1 1 1 1 1 1 96 0.80277 0 434 1 2
0 0 1 1 1 1 1 1 1 1 1 1 1 1 1 1 96 0.802745 0 435 1 2
0 0 1 1 1 1 1 1 1 1 1 1 1 1 1 1 96 0.802721 0 436 1 2
0 0 1 1 1 1 1 1 1 1 1 1 1 1 1 1 96 0.802696 0 437 1 2
0 0 1 1 1 1 1 1 1 1 1 1 1 1 1 1 96 0.802672 0 438 1 2
0 0 1 1 1 1 1 1 1 1 1 1 1 1 1 1 96 0.802647 0 439 1 2
0 0 1 1 1 1 1 1 1 1 1 1 1 1 1 1 96 0.802622 0 440 1 2
0 0 1 1 1 1 1 1 1 1 1 1 1 1 1 1 96 0.802598 0 441 1 2
0 0 1 1 1 1 1 1 1 1 1 1 1 1 1 1 96 0.802573 0 442 1 2
0 0 1 1 1 1 1 1 1 1 1 1 1 1 1 1 96 0.802549 0 443 1 2
0 0 1 1 1 1 1 1 1 1 1 1 1 1 1 1 96 0.802524 0 444 1 2
0 0 1 1 1 1 1 1 1 1 1 1 1 1 1 1 96 0.802499 0 445 1 2
0 0 1 1 1 1 1 1 1 1 1 1 1 1 1 1 96 0.802475 0 446 1 2
0 0 1 1 1 1 1 1 1 1 1 1 1 1 1 1 96 0.80245 0 447 1 2
0 0 1 1 1 1 1 1 1 1 1 1 1 1 1 1 96 0.802426 3.3 448 1 2
0 1 1 1 1 1 1 1 1 1 1 1 1 1 1 1 96 0.80231 6.6 449 0 2
0 1 1 1 1 1 1 1 1 1 1 1 1 1 1 1 96 0.802063 9.9 450 0 2
0 1 1 1 1 1 1 1 1 1 1 1 1 1 1 1 96 0.801689 13.2 451 0 2
0 1 1 1 1 1 1 1 1 1 1 1 1 1 1 1 96 0.801178 16.5 452 0 2
0 1 1 1 1 1 1 1 1 1 1 1 1 1 1 1 96 0.800531 19.8 453 0 2
0 1 1 1 1 1 1 1 1 1 1 1 1 1 1 1 96 0.79975 23.1 454 0 2
0 1 1 1 1 1 1 1 1 1 1 1 1 1 1 1 96 0.799163 26.4 455 0 2
0 1 1 1 1 1 1 1 1 1 1 1 1 1 1 1 96 0.798484 27.8 456 0 2
0 1 1 1 1 1 1 1 1 1 1 1 1 1 1 1 96 0.797873 29.1 457 0 2
0 1 1 1 1 1 1 1 1 1 1 1 1 1 1 1 96 0.797268 31.5 458 0 2
0 1 1 1 1 1 1 1 1 1 1 1 1 1 1 1 96 0.79655 33 459 0 2
0 1 1 1 1 1 1 1 1 1 1 1 1 1 1 1 96 0.79604 33.6 460 0 2
0 1 1 1 1 1 1 1 1 1 1 1 1 1 1 1 96 0.7956 34.8 461 0 2
0 1 1 1 1 1 1 1 1 1 1 1 1 1 1 1 96 0.795065 35.1 462 0 2
0 1 1 1 1 1 1 1 1 1 1 1 1 1 1 1 96 0.794725 35.6 463 0 2
0 1 1 1 1 1 1 1 1 1 1 1 1 1 1 1 96 0.794307 36.1 464 0 2
0 1 1 1 1 1 1 1 1 1 1 1 1 1 1 1 96 0.793884 36 465 0 2
0 1 1 1 1 1 1 1 1 1 1 1 1 1 1 1 96 0.793684 36.1 466 0 2
0 1 1 1 1 1 1 1 1 1 1 1 1 1 1 1 96 0.79341 36.2 467 0 2
0 1 1 1 1 1 1 1 1 1 1 1 1 1 1 1 96 0.793135 36 468 0 2
0 1 1 1 1 1 1 1 1 1 1 1 1 1 1 1 96 0.792972 35.7 469 0 2
0 1 1 1 1 1 1 1 1 1 1 1 1 1 1 1 96 0.792849 36 470 0 2
0 1 1 1 1 1 1 1 1 1 1 1 1 1 1 1 96 0.792501 36 471 0 2
0 1 1 1 1 1 1 1 1 1 1 1 1 1 1 1 96 0.792265 35.57461 472 0 2
0 1 1 1 1 1 1 1 1 1 1 1 1 1 1 1 96 0.792185 35.5 473 0 2
0 1 1 1 1 1 1 1 1 1 1 1 1 1 1 1 96 0.791989 35.4 474 0 2
0 1 1 1 1 1 1 1 1 1 1 1 1 1 1 1 96 0.791801 35.2 475 0 2
0 1 1 1 1 1 1 1 1 1 1 1 1 1 1 1 96 0.791651 35.2 476 0 2
0 1 1 1 1 1 1 1 1 1 1 1 1 1 1 1 96 0.79143 35.2 477 0 2
0 1 1 1 1 1 1 1 1 1 1 1 1 1 1 1 96 0.791208 35.2 478 0 2
0 1 1 1 1 1 1 1 1 1 1 1 1 1 1 1 96 0.790986 35.2 479 0 2
0 1 1 1 1 1 1 1 1 1 1 1 1 1 1 1 96 0.790764 35.2 480 0 2
0 1 1 1 1 1 1 1 1 1 1 1 1 1 1 1 96 0.790542 35 481 0 2
0 1 1 1 1 1 1 1 1 1 1 1 1 1 1 1 96 0.790393 35.1 482 0 2
0 1 1 1 1 1 1 1 1 1 1 1 1 1 1 1 96 0.790136 35.2 483 0 2
0 1 1 1 1 1 1 1 1 1 1 1 1 1 1 1 96 0.789878 35.5 484 0 2
0 1 1 1 1 1 1 1 1 1 1 1 1 1 1 1 96 0.789561 35.2 485 0 2
0 1 1 1 1 1 1 1 1 1 1 1 1 1 1 1 96 0.789446 35 486 0 2
0 1 1 1 1 1 1 1 1 1 1 1 1 1 1 1 96 0.789297 35 487 0 2
0 1 1 1 1 1 1 1 1 1 1 1 1 1 1 1 96 0.789077 35 488 0 2
0 1 1 1 1 1 1 1 1 1 1 1 1 1 1 1 96 0.788857 34.8 489 0 2
0 1 1 1 1 1 1 1 1 1 1 1 1 1 1 1 96 0.788709 34.6 490 0 2
0 1 1 1 1 1 1 1 1 1 1 1 1 1 1 1 96 0.788563 34.5 491 0 2
0 1 1 1 1 1 1 1 1 1 1 1 1 1 1 1 96 0.788382 32.983439 492 1 2
0 1 1 1 1 1 1 1 1 1 1 1 1 1 1 1 96 0.788451 31.485894 493 1 2
0 1 1 1 1 1 1 1 1 1 1 1 1 1 1 1 96 0.788519 29.253713 494 1 2
0 1 1 1 1 1 1 1 1 1 1 1 1 1 1 1 96 0.788664 27.245165 495 1 2
0 1 1 1 1 1 1 1 1 1 1 1 1 1 1 1 96 0.788777 25.5 496 1 2
0 1 1 1 1 1 1 1 1 1 1 1 1 1 1 1 96 0.788952 22.5 497 1 2
0 1 1 1 1 1 1 1 1 1 1 1 1 1 1 1 96 0.789272 19.8 498 1 2
0 1 1 1 1 1 1 1 1 1 1 1 1 1 1 1 96 0.789517 16.5 499 1 2
0 1 1 1 1 1 1 1 1 1 1 1 1 1 1 1 96 0.789786 13.2 500 1 2
0 1 1 1 1 1 1 1 1 1 1 1 1 1 1 1 96 0.789998 10.3 501 1 2
0 1 1 1 1 1 1 1 1 1 1 1 1 1 1 1 96 0.790139 7.2 502 1 2
0 1 1 1 1 1 1 1 1 1 1 1 1 1 1 1 96 0.790233 4 503 1 2
0 1 1 1 1 1 1 1 1 1 1 1 1 1 1 1 96 0.790269 1 504 1 2
0 0 1 1 1 1 1 1 1 1 1 1 1 1 1 1 96 0.790256 0 505 1 2
0 0 1 1 1 1 1 1 1 1 1 1 1 1 1 1 96 0.790204 0 506 1 2
0 0 1 1 1 1 1 1 1 1 1 1 1 1 1 1 96 0.790179 0 507 1 2
0 0 1 1 1 1 1 1 1 1 1 1 1 1 1 1 96 0.790155 0 508 1 2
0 0 1 1 1 1 1 1 1 1 1 1 1 1 1 1 96 0.79013 0 509 1 2
0 0 1 1 1 1 1 1 1 1 1 1 1 1 1 1 96 0.790106 0 510 1 2
0 0 1 1 1 1 1 1 1 1 1 1 1 1 1 1 96 0.790081 1.2 511 1 2
0 0 1 1 1 1 1 1 1 1 1 1 1 1 1 1 96 0.790009 3.5 512 1 2
0 1 1 1 1 1 1 1 1 1 1 1 1 1 1 1 96 0.789892 5.5 513 0 2
0 1 1 1 1 1 1 1 1 1 1 1 1 1 1 1 96 0.789722 6.5 514 0 2
0 1 1 1 1 1 1 1 1 1 1 1 1 1 1 1 96 0.789573 8.5 515 0 2
0 1 1 1 1 1 1 1 1 1 1 1 1 1 1 1 96 0.789325 9.6 516 0 2
0 1 1 1 1 1 1 1 1 1 1 1 1 1 1 1 96 0.789121 10.5 517 0 2
0 1 1 1 1 1 1 1 1 1 1 1 1 1 1 1 96 0.788921 11.9 518 0 2
0 1 1 1 1 1 1 1 1 1 1 1 1 1 1 1 96 0.788643 14 519 0 2
0 1 1 1 1 1 1 1 1 1 1 1 1 1 1 1 96 0.788226 16 520 0 2
0 1 1 1 1 1 1 1 1 1 1 1 1 1 1 1 96 0.787876 17.7 521 0 2
0 1 1 1 1 1 1 1 1 1 1 1 1 1 1 1 96 0.787488 19 522 0 2
0 1 1 1 1 1 1 1 1 1 1 1 1 1 1 1 96 0.787098 20.1 523 0 2
0 1 1 1 1 1 1 1 1 1 1 1 1 1 1 1 96 0.786726 21 524 0 2
0 1 1 1 1 1 1 1 1 1 1 1 1 1 1 1 96 0.78638 22 525 0 2
0 1 1 1 1 1 1 1 1 1 1 1 1 1 1 1 96 0.785997 23 526 0 2
0 1 1 1 1 1 1 1 1 1 1 1 1 1 1 1 96 0.785596 23.8 527 0 2
0 1 1 1 1 1 1 1 1 1 1 1 1 1 1 1 96 0.785246 24.5 528 0 2
0 1 1 1 1 1 1 1 1 1 1 1 1 1 1 1 96 0.784912 24.9 529 0 2
0 1 1 1 1 1 1 1 1 1 1 1 1 1 1 1 96 0.784648 25 530 0 2
0 1 1 1 1 1 1 1 1 1 1 1 1 1 1 1 96 0.78446 25 531 0 2
0 1 1 1 1 1 1 1 1 1 1 1 1 1 1 1 96 0.784298 25 532 0 2
0 1 1 1 1 1 1 1 1 1 1 1 1 1 1 1 96 0.784137 25 533 0 2
0 1 1 1 1 1 1 1 1 1 1 1 1 1 1 1 96 0.783975 25 534 0 2
0 1 1 1 1 1 1 1 1 1 1 1 1 1 1 1 96 0.783814 25 535 0 2
0 1 1 1 1 1 1 1 1 1 1 1 1 1 1 1 96 0.783652 25.6 536 0 2
0 1 1 1 1 1 1 1 1 1 1 1 1 1 1 1 96 0.78333 25.8 537 0 2
0 1 1 1 1 1 1 1 1 1 1 1 1 1 1 1 96 0.78311 26 538 0 2
0 1 1 1 1 1 1 1 1 1 1 1 1 1 1 1 96 0.782888 25.509206 539 1 2
0 1 1 1 1 1 1 1 1 1 1 1 1 1 1 1 96 0.782824 25.179174 540 0 2
0 1 1 1 1 1 1 1 1 1 1 1 1 1 1 1 96 0.782747 25 541 0 2
0 1 1 1 1 1 1 1 1 1 1 1 1 1 1 1 96 0.782636 25 542 0 2
0 1 1 1 1 1 1 1 1 1 1 1 1 1 1 1 96 0.782479 25 543 0 2
0 1 1 1 1 1 1 1 1 1 1 1 1 1 1 1 96 0.782323 24.143819 544 1 2
0 1 1 1 1 1 1 1 1 1 1 1 1 1 1 1 96 0.782298 22.4843 545 1 2
0 1 1 1 1 1 1 1 1 1 1 1 1 1 1 1 96 0.782349 19.8 546 1 2
0 1 1 1 1 1 1 1 1 1 1 1 1 1 1 1 96 0.782593 16.5 547 1 2
0 1 1 1 1 1 1 1 1 1 1 1 1 1 1 1 96 0.782862 13.2 548 1 2
0 1 1 1 1 1 1 1 1 1 1 1 1 1 1 1 96 0.783075 9.9 549 1 2
0 1 1 1 1 1 1 1 1 1 1 1 1 1 1 1 96 0.783236 6.6 550 1 2
0 1 1 1 1 1 1 1 1 1 1 1 1 1 1 1 96 0.78333 3.3 551 1 2
0 1 1 1 1 1 1 1 1 1 1 1 1 1 1 1 96 0.783359 0 552 1 2
0 0 1 1 1 1 1 1 1 1 1 1 1 1 1 1 96 0.783335 0 553 1 2
0 0 1 1 1 1 1 1 1 1 1 1 1 1 1 1 96 0.783311 0 554 1 2
0 0 1 1 1 1 1 1 1 1 1 1 1 1 1 1 96 0.783286 0 555 1 2
0 0 1 1 1 1 1 1 1 1 1 1 1 1 1 1 96 0.783262 0 556 1 2
0 0 1 1 1 1 1 1 1 1 1 1 1 1 1 1 96 0.783237 0 557 1 2
0 0 1 1 1 1 1 1 1 1 1 1 1 1 1 1 96 0.783212 0 558 1 2
0 0 1 1 1 1 1 1 1 1 1 1 1 1 1 1 96 0.783188 0 559 1 2
0 0 1 1 1 1 1 1 1 1 1 1 1 1 1 1 96 0.783163 0 560 1 2
0 0 1 1 1 1 1 1 1 1 1 1 1 1 1 1 96 0.783138 0 561 1 2
0 0 1 1 1 1 1 1 1 1 1 1 1 1 1 1 96 0.783114 0 562 1 2
0 0 1 1 1 1 1 1 1 1 1 1 1 1 1 1 96 0.783089 0 563 1 2
0 0 1 1 1 1 1 1 1 1 1 1 1 1 1 1 96 0.783064 0 564 1 2
0 0 1 1 1 1 1 1 1 1 1 1 1 1 1 1 96 0.78304 0 565 1 2
0 0 1 1 1 1 1 1 1 1 1 1 1 1 1 1 96 0.783015 0 566 1 2
0 0 1 1 1 1 1 1 1 1 1 1 1 1 1 1 96 0.782991 0 567 1 2
0 0 1 1 1 1 1 1 1 1 1 1 1 1 1 1 96 0.782966 0 568 1 2
0 0 1 1 1 1 1 1 1 1 1 1 1 1 1 1 96 0.782941 3.3 569 1 2
0 1 1 1 1 1 1 1 1 1 1 1 1 1 1 1 96 0.782825 6.6 570 0 2
0 1 1 1 1 1 1 1 1 1 1 1 1 1 1 1 96 0.782602 9.9 571 0 2
0 1 1 1 1 1 1 1 1 1 1 1 1 1 1 1 96 0.782267 13 572 0 2
0 1 1 1 1 1 1 1 1 1 1 1 1 1 1 1 96 0.781817 14.6 573 0 2
0 1 1 1 1 1 1 1 1 1 1 1 1 1 1 1 96 0.781503 16 574 0 2
0 1 1 1 1 1 1 1 1 1 1 1 1 1 1 1 96 0.781161 17 575 0 2
0 1 1 1 1 1 1 1 1 1 1 1 1 1 1 1 96 0.780863 17 576 0 2
0 1 1 1 1 1 1 1 1 1 1 1 1 1 1 1 96 0.780734 17 577 0 2
0 1 1 1 1 1 1 1 1 1 1 1 1 1 1 1 96 0.780607 17.5 578 0 2
0 1 1 1 1 1 1 1 1 1 1 1 1 1 1 1 96 0.78039 17.7 579 0 2
0 1 1 1 1 1 1 1 1 1 1 1 1 1 1 1 96 0.780222 17.7 580 0 2
0 1 1 1 1 1 1 1 1 1 1 1 1 1 1 1 96 0.780091 17.5 581 0 2
0 1 1 1 1 1 1 1 1 1 1 1 1 1 1 1 96 0.780003 16.79018 582 1 2
0 1 1 1 1 1 1 1 1 1 1 1 1 1 1 1 96 0.779958 16.9 583 0 2
0 1 1 1 1 1 1 1 1 1 1 1 1 1 1 1 96 0.779822 16.56334 584 1 2
0 1 1 1 1 1 1 1 1 1 1 1 1 1 1 1 96 0.779753 17 585 0 2
0 1 1 1 1 1 1 1 1 1 1 1 1 1 1 1 96 0.779552 17.1 586 0 2
0 1 1 1 1 1 1 1 1 1 1 1 1 1 1 1 96 0.779407 17 587 0 2
0 1 1 1 1 1 1 1 1 1 1 1 1 1 1 1 96 0.779297 16.468362 588 1 2
0 1 1 1 1 1 1 1 1 1 1 1 1 1 1 1 96 0.779234 16.5 589 0 2
0 1 1 1 1 1 1 1 1 1 1 1 1 1 1 1 96 0.779106 16.5 590 0 2
0 1 1 1 1 1 1 1 1 1 1 1 1 1 1 1 96 0.778982 16.6 591 0 2
0 1 1 1 1 1 1 1 1 1 1 1 1 1 1 1 96 0.778841 17 592 0 2
0 1 1 1 1 1 1 1 1 1 1 1 1 1 1 1 96 0.778646 17.6 593 0 2
0 1 1 1 1 1 1 1 1 1 1 1 1 1 1 1 96 0.77841 18.5 594 0 2
0 1 1 1 1 1 1 1 1 1 1 1 1 1 1 1 96 0.778106 19.2 595 0 2
0 1 1 1 1 1 1 1 1 1 1 1 1 1 1 1 96 0.777828 20.2 596 0 2
0 1 1 1 1 1 1 1 1 1 1 1 1 1 1 1 96 0.777476 21 597 0 2
0 1 1 1 1 1 1 1 1 1 1 1 1 1 1 1 96 0.777152 21.1 598 0 2
0 1 1 1 1 1 1 1 1 1 1 1 1 1 1 1 96 0.77699 21.2 599 0 2
0 1 1 1 1 1 1 1 1 1 1 1 1 1 1 1 96 0.776829 21.6 600 0 2
0 1 1 1 1 1 1 1 1 1 1 1 1 1 1 1 96 0.7766 22 601 0 2
0 1 1 1 1 1 1 1 1 1 1 1 1 1 1 1 96 0.776367 22.4 602 0 2
0 1 1 1 1 1 1 1 1 1 1 1 1 1 1 1 96 0.77613 22.5 603 0 2
0 1 1 1 1 1 1 1 1 1 1 1 1 1 1 1 96 0.77596 22.5 604 0 2
0 1 1 1 1 1 1 1 1 1 1 1 1 1 1 1 96 0.775815 22.5 605 0 2
0 1 1 1 1 1 1 1 1 1 1 1 1 1 1 1 96 0.775669 22.7 606 0 2
0 1 1 1 1 1 1 1 1 1 1 1 1 1 1 1 96 0.775476 23.7 607 0 2
0 1 1 1 1 1 1 1 1 1 1 1 1 1 1 1 96 0.775147 25.1 608 0 2
0 1 1 1 1 1 1 1 1 1 1 1 1 1 1 1 96 0.774802 26 609 0 2
0 1 1 1 1 1 1 1 1 1 1 1 1 1 1 1 96 0.774445 26.5 610 0 2
0 1 1 1 1 1 1 1 1 1 1 1 1 1 1 1 96 0.774135 27 611 0 2
0 1 1 1 1 1 1 1 1 1 1 1 1 1 1 1 96 0.773821 25.614782 612 1 2
0 1 1 1 1 1 1 1 1 1 1 1 1 1 1 1 96 0.773852 22.8 613 1 2
0 1 1 1 1 1 1 1 1 1 1 1 1 1 1 1 96 0.774153 19.5 614 1 2
0 1 1 1 1 1 1 1 1 1 1 1 1 1 1 1 96 0.774463 16.2 615 1 2
0 1 1 1 1 1 1 1 1 1 1 1 1 1 1 1 96 0.774727 12.9 616 1 2
0 1 1 1 1 1 1 1 1 1 1 1 1 1 1 1 96 0.774936 9.6 617 1 2
0 1 1 1 1 1 1 1 1 1 1 1 1 1 1 1 96 0.775092 6.3 618 1 2
0 1 1 1 1 1 1 1 1 1 1 1 1 1 1 1 96 0.775179 3 619 1 2
0 0 1 1 1 1 1 1 1 1 1 1 1 1 1 1 96 0.775204 0 620 1 2
0 0 1 1 1 1 1 1 1 1 1 1 1 1 1 1 96 0.775175 0 621 1 2
0 0 1 1 1 1 1 1 1 1 1 1 1 1 1 1 96 0.77515 0 622 1 2
0 0 1 1 1 1 1 1 1 1 1 1 1 1 1 1 96 0.775125 0 623 1 2
0 0 1 1 1 1 1 1 1 1 1 1 1 1 1 1 96 0.775101 0 624 1 2
0 0 1 1 1 1 1 1 1 1 1 1 1 1 1 1 96 0.775076 0 625 1 2
0 0 1 1 1 1 1 1 1 1 1 1 1 1 1 1 96 0.775052 0 626 1 2
0 0 1 1 1 1 1 1 1 1 1 1 1 1 1 1 96 0.775027 0 627 1 2
0 0 1 1 1 1 1 1 1 1 1 1 1 1 1 1 96 0.775002 0 628 1 2
0 0 1 1 1 1 1 1 1 1 1 1 1 1 1 1 96 0.774978 0 629 1 2
0 0 1 1 1 1 1 1 1 1 1 1 1 1 1 1 96 0.774953 0 630 1 2
0 0 1 1 1 1 1 1 1 1 1 1 1 1 1 1 96 0.774928 0 631 1 2
0 0 1 1 1 1 1 1 1 1 1 1 1 1 1 1 96 0.774904 0 632 1 2
0 0 1 1 1 1 1 1 1 1 1 1 1 1 1 1 96 0.774879 0 633 1 2
0 0 1 1 1 1 1 1 1 1 1 1 1 1 1 1 96 0.774854 0 634 1 2
0 0 1 1 1 1 1 1 1 1 1 1 1 1 1 1 96 0.77483 0 635 1 2
0 0 1 1 1 1 1 1 1 1 1 1 1 1 1 1 96 0.774805 0 636 1 2
0 0 1 1 1 1 1 1 1 1 1 1 1 1 1 1 96 0.77478 0 637 1 2
0 0 1 1 1 1 1 1 1 1 1 1 1 1 1 1 96 0.774756 0 638 1 2
0 0 1 1 1 1 1 1 1 1 1 1 1 1 1 1 96 0.774731 0 639 1 2
0 0 1 1 1 1 1 1 1 1 1 1 1 1 1 1 96 0.774706 0 640 1 2
0 0 1 1 1 1 1 1 1 1 1 1 1 1 1 1 96 0.774682 0 641 1 2
0 0 1 1 1 1 1 1 1 1 1 1 1 1 1 1 96 0.774657 0 642 1 2
0 0 1 1 1 1 1 1 1 1 1 1 1 1 1 1 96 0.774633 0 643 1 2
0 0 1 1 1 1 1 1 1 1 1 1 1 1 1 1 96 0.774608 0 644 1 2
0 0 1 1 1 1 1 1 1 1 1 1 1 1 1 1 96 0.774583 0 645 1 2
0 0 1 1 1 1 1 1 1 1 1 1 1 1 1 1 96 0.774559 2 646 1 2
0 0 1 1 1 1 1 1 1 1 1 1 1 1 1 1 96 0.774476 4.5 647 1 2
0 1 1 1 1 1 1 1 1 1 1 1 1 1 1 1 96 0.774325 7.8 648 0 2
0 1 1 1 1 1 1 1 1 1 1 1 1 1 1 1 96 0.774072 10.2 649 0 2
0 1 1 1 1 1 1 1 1 1 1 1 1 1 1 1 96 0.773741 12.5 650 0 2
0 1 1 1 1 1 1 1 1 1 1 1 1 1 1 1 96 0.773345 14 651 0 2
0 1 1 1 1 1 1 1 1 1 1 1 1 1 1 1 96 0.773057 15.3 652 0 2
0 1 1 1 1 1 1 1 1 1 1 1 1 1 1 1 96 0.772745 17.5 653 0 2
0 1 1 1 1 1 1 1 1 1 1 1 1 1 1 1 96 0.772399 19.6 654 0 2
0 1 1 1 1 1 1 1 1 1 1 1 1 1 1 1 96 0.772013 21 655 0 2
0 1 1 1 1 1 1 1 1 1 1 1 1 1 1 1 96 0.771597 22.2 656 0 2
0 1 1 1 1 1 1 1 1 1 1 1 1 1 1 1 96 0.771162 23.3 657 0 2
0 1 1 1 1 1 1 1 1 1 1 1 1 1 1 1 96 0.770731 24.5 658 0 2
0 1 1 1 1 1 1 1 1 1 1 1 1 1 1 1 96 0.770251 25.3 659 0 2
0 1 1 1 1 1 1 1 1 1 1 1 1 1 1 1 96 0.769913 25.6 660 0 2
0 1 1 1 1 1 1 1 1 1 1 1 1 1 1 1 96 0.769667 26 661 0 2
0 1 1 1 1 1 1 1 1 1 1 1 1 1 1 1 96 0.769391 26.1 662 0 2
0 1 1 1 1 1 1 1 1 1 1 1 1 1 1 1 96 0.769195 26.2 663 0 2
0 1 1 1 1 1 1 1 1 1 1 1 1 1 1 1 96 0.768998 26.2 664 0 2
0 1 1 1 1 1 1 1 1 1 1 1 1 1 1 1 96 0.768828 26.4 665 0 2
0 1 1 1 1 1 1 1 1 1 1 1 1 1 1 1 96 0.768603 26.5 666 0 2
0 1 1 1 1 1 1 1 1 1 1 1 1 1 1 1 96 0.768403 26.5 667 0 2
0 1 1 1 1 1 1 1 1 1 1 1 1 1 1 1 96 0.768231 25.831975 668 1 2
0 1 1 1 1 1 1 1 1 1 1 1 1 1 1 1 96 0.768187 25.47583 669 1 2
0 1 1 1 1 1 1 1 1 1 1 1 1 1 1 1 96 0.768118 23.6 670 1 2
0 1 1 1 1 1 1 1 1 1 1 1 1 1 1 1 96 0.768297 21.4 671 1 2
0 1 1 1 1 1 1 1 1 1 1 1 1 1 1 1 96 0.768501 18.5 672 1 2
0 1 1 1 1 1 1 1 1 1 1 1 1 1 1 1 96 0.768751 16.4 673 1 2
0 1 1 1 1 1 1 1 1 1 1 1 1 1 1 1 96 0.768896 14.5 674 1 2
0 1 1 1 1 1 1 1 1 1 1 1 1 1 1 1 96 0.769001 11.6 675 1 2
0 1 1 1 1 1 1 1 1 1 1 1 1 1 1 1 96 0.769161 8.7 676 1 2
0 1 1 1 1 1 1 1 1 1 1 1 1 1 1 1 96 0.769275 5.8 677 1 2
0 1 1 1 1 1 1 1 1 1 1 1 1 1 1 1 96 0.76933 3.5 678 1 2
0 1 1 1 1 1 1 1 1 1 1 1 1 1 1 1 96 0.769329 1.147822 679 1 2
0 0 1 1 1 1 1 1 1 1 1 1 1 1 1 1 96 0.769296 0 680 1 2
0 0 1 1 1 1 1 1 1 1 1 1 1 1 1 1 96 0.769245 0 681 1 2
0 0 1 1 1 1 1 1 1 1 1 1 1 1 1 1 96 0.76922 0 682 1 2
0 0 1 1 1 1 1 1 1 1 1 1 1 1 1 1 96 0.769196 0 683 1 2
0 0 1 1 1 1 1 1 1 1 1 1 1 1 1 1 96 0.769171 0 684 1 2
0 0 1 1 1 1 1 1 1 1 1 1 1 1 1 1 96 0.769146 0 685 1 2
0 0 1 1 1 1 1 1 1 1 1 1 1 1 1 1 96 0.769122 0 686 1 2
0 0 1 1 1 1 1 1 1 1 1 1 1 1 1 1 96 0.769097 0 687 1 2
0 0 1 1 1 1 1 1 1 1 1 1 1 1 1 1 96 0.769072 0 688 1 2
0 0 1 1 1 1 1 1 1 1 1 1 1 1 1 1 96 0.769048 0 689 1 2
0 0 1 1 1 1 1 1 1 1 1 1 1 1 1 1 96 0.769023 0 690 1 2
0 0 1 1 1 1 1 1 1 1 1 1 1 1 1 1 96 0.768998 0 691 1 2
0 0 1 1 1 1 1 1 1 1 1 1 1 1 1 1 96 0.768974 0 692 1 2
0 0 1 1 1 1 1 1 1 1 1 1 1 1 1 1 96 0.768949 0 693 1 2
0 0 1 1 1 1 1 1 1 1 1 1 1 1 1 1 96 0.768925 1.4 694 1 2
0 0 1 1 1 1 1 1 1 1 1 1 1 1 1 1 96 0.76885 3.3 695 1 2
0 1 1 1 1 1 1 1 1 1 1 1 1 1 1 1 96 0.768743 4.4 696 0 2
0 1 1 1 1 1 1 1 1 1 1 1 1 1 1 1 96 0.768629 6.5 697 0 2
0 1 1 1 1 1 1 1 1 1 1 1 1 1 1 1 96 0.768426 9.2 698 0 2
0 1 1 1 1 1 1 1 1 1 1 1 1 1 1 1 96 0.768132 11.3 699 0 2
0 1 1 1 1 1 1 1 1 1 1 1 1 1 1 1 96 0.767794 13.5 700 0 2
0 1 1 1 1 1 1 1 1 1 1 1 1 1 1 1 96 0.767378 14.6 701 0 2
0 1 1 1 1 1 1 1 1 1 1 1 1 1 1 1 96 0.767102 16.4 702 0 2
0 1 1 1 1 1 1 1 1 1 1 1 1 1 1 1 96 0.766787 16.7 703 0 2
0 1 1 1 1 1 1 1 1 1 1 1 1 1 1 1 96 0.766608 16.5 704 0 2
0 1 1 1 1 1 1 1 1 1 1 1 1 1 1 1 96 0.766517 16.5 705 0 2
0 1 1 1 1 1 1 1 1 1 1 1 1 1 1 1 96 0.766393 18.2 706 0 2
0 1 1 1 1 1 1 1 1 1 1 1 1 1 1 1 96 0.766045 19.2 707 0 2
0 1 1 1 1 1 1 1 1 1 1 1 1 1 1 1 96 0.765708 20.1 708 0 2
0 1 1 1 1 1 1 1 1 1 1 1 1 1 1 1 96 0.765377 21.5 709 0 2
0 1 1 1 1 1 1 1 1 1 1 1 1 1 1 1 96 0.76497 22.5 710 0 2
0 1 1 1 1 1 1 1 1 1 1 1 1 1 1 1 96 0.764576 22.5 711 0 2
0 1 1 1 1 1 1 1 1 1 1 1 1 1 1 1 96 0.764428 21.99129 712 1 2
0 1 1 1 1 1 1 1 1 1 1 1 1 1 1 1 96 0.764366 22.7 713 0 2
0 1 1 1 1 1 1 1 1 1 1 1 1 1 1 1 96 0.76407 23.3 714 0 2
0 1 1 1 1 1 1 1 1 1 1 1 1 1 1 1 96 0.763776 23.5 715 0 2
0 1 1 1 1 1 1 1 1 1 1 1 1 1 1 1 96 0.763575 21.91612 716 1 2
0 1 1 1 1 1 1 1 1 1 1 1 1 1 1 1 96 0.763613 21.555657 717 1 2
0 1 1 1 1 1 1 1 1 1 1 1 1 1 1 1 96 0.763543 19.862344 718 1 2
0 1 1 1 1 1 1 1 1 1 1 1 1 1 1 1 96 0.763583 18 719 1 2
0 1 1 1 1 1 1 1 1 1 1 1 1 1 1 1 96 0.763718 15 720 1 2
0 1 1 1 1 1 1 1 1 1 1 1 1 1 1 1 96 0.763931 12 721 1 2
0 1 1 1 1 1 1 1 1 1 1 1 1 1 1 1 96 0.764107 9 722 1 2
0 1 1 1 1 1 1 1 1 1 1 1 1 1 1 1 96 0.764233 6.2 723 1 2
0 1 1 1 1 1 1 1 1 1 1 1 1 1 1 1 96 0.76429 4.5 724 1 2
0 1 1 1 1 1 1 1 1 1 1 1 1 1 1 1 96 0.764275 2.122501 725 1 2
0 0 1 1 1 1 1 1 1 1 1 1 1 1 1 1 96 0.764246 2.1 726 1 2
0 0 1 1 1 1 1 1 1 1 1 1 1 1 1 1 96 0.764187 0.5 727 1 2
0 0 1 1 1 1 1 1 1 1 1 1 1 1 1 1 96 0.764143 0.5 728 1 2
0 0 1 1 1 1 1 1 1 1 1 1 1 1 1 1 96 0.764086 3.2 729 1 2
0 1 1 1 1 1 1 1 1 1 1 1 1 1 1 1 96 0.763975 6.5 730 0 2
0 1 1 1 1 1 1 1 1 1 1 1 1 1 1 1 96 0.763777 9.6 731 0 2
0 1 1 1 1 1 1 1 1 1 1 1 1 1 1 1 96 0.763486 12.5 732 0 2
0 1 1 1 1 1 1 1 1 1 1 1 1 1 1 1 96 0.763102 14 733 0 2
0 1 1 1 1 1 1 1 1 1 1 1 1 1 1 1 96 0.762832 16 734 0 2
0 1 1 1 1 1 1 1 1 1 1 1 1 1 1 1 96 0.762533 18 735 0 2
0 1 1 1 1 1 1 1 1 1 1 1 1 1 1 1 96 0.7622 19.6 736 0 2
0 1 1 1 1 1 1 1 1 1 1 1 1 1 1 1 96 0.761837 21.5 737 0 2
0 1 1 1 1 1 1 1 1 1 1 1 1 1 1 1 96 0.761443 23.1 738 0 2
0 1 1 1 1 1 1 1 1 1 1 1 1 1 1 1 96 0.761022 24.5 739 0 2
0 1 1 1 1 1 1 1 1 1 1 1 1 1 1 1 96 0.760576 25.5 740 0 2
0 1 1 1 1 1 1 1 1 1 1 1 1 1 1 1 96 0.760127 26.5 741 0 2
0 1 1 1 1 1 1 1 1 1 1 1 1 1 1 1 96 0.759798 27.1 742 0 2
0 1 1 1 1 1 1 1 1 1 1 1 1 1 1 1 96 0.759462 27.6 743 0 2
0 1 1 1 1 1 1 1 1 1 1 1 1 1 1 1 96 0.759139 27.9 744 0 2
0 1 1 1 1 1 1 1 1 1 1 1 1 1 1 1 96 0.75887 28.3 745 0 2
0 1 1 1 1 1 1 1 1 1 1 1 1 1 1 1 96 0.758567 28.6 746 0 2
0 1 1 1 1 1 1 1 1 1 1 1 1 1 1 1 96 0.758291 28.6 747 0 2
0 1 1 1 1 1 1 1 1 1 1 1 1 1 1 1 96 0.758103 28.3 748 0 2
0 1 1 1 1 1 1 1 1 1 1 1 1 1 1 1 96 0.758013 28.2 749 0 2
0 1 1 1 1 1 1 1 1 1 1 1 1 1 1 1 96 0.757866 28 750 0 2
0 1 1 1 1 1 1 1 1 1 1 1 1 1 1 1 96 0.757749 27.340602 751 1 2
0 1 1 1 1 1 1 1 1 1 1 1 1 1 1 1 96 0.757704 26.604269 752 1 2
0 1 1 1 1 1 1 1 1 1 1 1 1 1 1 1 96 0.757671 24.849115 753 1 2
0 1 1 1 1 1 1 1 1 1 1 1 1 1 1 1 96 0.75774 22.643684 754 1 2
0 1 1 1 1 1 1 1 1 1 1 1 1 1 1 1 96 0.757844 20.796991 755 1 2
0 1 1 1 1 1 1 1 1 1 1 1 1 1 1 1 96 0.757909 19 756 1 2
0 1 1 1 1 1 1 1 1 1 1 1 1 1 1 1 96 0.758043 16.5 757 1 2
0 1 1 1 1 1 1 1 1 1 1 1 1 1 1 1 96 0.758229 14.9 758 1 2
0 1 1 1 1 1 1 1 1 1 1 1 1 1 1 1 96 0.758307 12.5 759 1 2
0 1 1 1 1 1 1 1 1 1 1 1 1 1 1 1 96 0.758434 9.4 760 1 2
0 1 1 1 1 1 1 1 1 1 1 1 1 1 1 1 96 0.758573 6.2 761 1 2
0 1 1 1 1 1 1 1 1 1 1 1 1 1 1 1 96 0.758653 3 762 1 2
0 0 1 1 1 1 1 1 1 1 1 1 1 1 1 1 96 0.758674 0.660562 763 1 2
0 0 1 1 1 1 1 1 1 1 1 1 1 1 1 1 96 0.758638 1.5 764 1 2
0 0 1 1 1 1 1 1 1 1 1 1 1 1 1 1 96 0.75857 0.002601 765 1 2
0 0 1 1 1 1 1 1 1 1 1 1 1 1 1 1 96 0.75852 0 766 1 2
0 0 1 1 1 1 1 1 1 1 1 1 1 1 1 1 96 0.757961 3 767 1 2
0 0 1 1 1 1 1 1 1 1 1 1 1 1 1 1 96 0.757856 6.3 768 1 2
0 1 1 1 1 1 1 1 1 1 1 1 1 1 1 1 96 0.757614 9.6 769 0 2
0 1 1 1 1 1 1 1 1 1 1 1 1 1 1 1 96 0.757337 12.9 770 0 2
0 1 1 1 1 1 1 1 1 1 1 1 1 1 1 1 96 0.756963 15.8 771 0 2
0 1 1 1 1 1 1 1 1 1 1 1 1 1 1 1 96 0.756499 17.5 772 0 2
0 1 1 1 1 1 1 1 1 1 1 1 1 1 1 1 96 0.756186 18.4 773 0 2
0 1 1 1 1 1 1 1 1 1 1 1 1 1 1 1 96 0.755881 19.5 774 0 2
0 1 1 1 1 1 1 1 1 1 1 1 1 1 1 1 96 0.755533 20.7 775 0 2
0 1 1 1 1 1 1 1 1 1 1 1 1 1 1 1 96 0.755166 22 776 0 2
0 1 1 1 1 1 1 1 1 1 1 1 1 1 1 1 96 0.75478 23.2 777 0 2
0 1 1 1 1 1 1 1 1 1 1 1 1 1 1 1 96 0.754375 25 778 0 2
0 1 1 1 1 1 1 1 1 1 1 1 1 1 1 1 96 0.753945 26.5 779 0 2
0 1 1 1 1 1 1 1 1 1 1 1 1 1 1 1 96 0.753491 27.5 780 0 2
0 1 1 1 1 1 1 1 1 1 1 1 1 1 1 1 96 0.753167 28 781 0 2
0 1 1 1 1 1 1 1 1 1 1 1 1 1 1 1 96 0.752837 28.3 782 0 2
0 1 1 1 1 1 1 1 1 1 1 1 1 1 1 1 96 0.752564 28.9 783 0 2
0 1 1 1 1 1 1 1 1 1 1 1 1 1 1 1 96 0.752225 28.9 784 0 2
0 1 1 1 1 1 1 1 1 1 1 1 1 1 1 1 96 0.752034 28.9 785 0 2
0 1 1 1 1 1 1 1 1 1 1 1 1 1 1 1 96 0.751844 28.8 786 0 2
0 1 1 1 1 1 1 1 1 1 1 1 1 1 1 1 96 0.751694 28.5 787 0 2
0 1 1 1 1 1 1 1 1 1 1 1 1 1 1 1 96 0.751604 28.3 788 0 2
0 1 1 1 1 1 1 1 1 1 1 1 1 1 1 1 96 0.751486 28.3 789 0 2
0 1 1 1 1 1 1 1 1 1 1 1 1 1 1 1 96 0.75131 28.3 790 0 2
0 1 1 1 1 1 1 1 1 1 1 1 1 1 1 1 96 0.751134 28.2 791 0 2
0 1 1 1 1 1 1 1 1 1 1 1 1 1 1 1 96 0.750987 27.361785 792 1 2
0 1 1 1 1 1 1 1 1 1 1 1 1 1 1 1 96 0.750963 27.5 793 0 2
0 1 1 1 1 1 1 1 1 1 1 1 1 1 1 1 96 0.750757 27.5 794 0 2
0 1 1 1 1 1 1 1 1 1 1 1 1 1 1 1 96 0.750585 27.5 795 0 2
0 1 1 1 1 1 1 1 1 1 1 1 1 1 1 1 96 0.750414 27.5 796 0 2
0 1 1 1 1 1 1 1 1 1 1 1 1 1 1 1 96 0.750242 27.5 797 0 2
0 1 1 1 1 1 1 1 1 1 1 1 1 1 1 1 96 0.750071 27.5 798 0 2
0 1 1 1 1 1 1 1 1 1 1 1 1 1 1 1 96 0.749899 27.6 799 0 2
0 1 1 1 1 1 1 1 1 1 1 1 1 1 1 1 96 0.749699 28 800 0 2
0 1 1 1 1 1 1 1 1 1 1 1 1 1 1 1 96 0.749446 28.5 801 0 2
0 1 1 1 1 1 1 1 1 1 1 1 1 1 1 1 96 0.74919 30 802 0 2
0 1 1 1 1 1 1 1 1 1 1 1 1 1 1 1 96 0.748851 31 803 0 2
0 1 1 1 1 1 1 1 1 1 1 1 1 1 1 1 96 0.748502 32 804 0 2
0 1 1 1 1 1 1 1 1 1 1 1 1 1 1 1 96 0.748143 33 805 0 2
0 1 1 1 1 1 1 1 1 1 1 1 1 1 1 1 96 0.747776 33 806 0 2
0 1 1 1 1 1 1 1 1 1 1 1 1 1 1 1 96 0.747563 33.6 807 0 2
0 1 1 1 1 1 1 1 1 1 1 1 1 1 1 1 96 0.747273 34 808 0 2
0 1 1 1 1 1 1 1 1 1 1 1 1 1 1 1 96 0.746981 34.3 809 0 2
0 1 1 1 1 1 1 1 1 1 1 1 1 1 1 1 96 0.746686 34.2 810 0 2
0 1 1 1 1 1 1 1 1 1 1 1 1 1 1 1 96 0.7465 34 811 0 2
0 1 1 1 1 1 1 1 1 1 1 1 1 1 1 1 96 0.746351 34 812 0 2
0 1 1 1 1 1 1 1 1 1 1 1 1 1 1 1 96 0.746132 33.9 813 0 2
0 1 1 1 1 1 1 1 1 1 1 1 1 1 1 1 96 0.745949 33.6 814 0 2
0 1 1 1 1 1 1 1 1 1 1 1 1 1 1 1 96 0.745836 32.976994 815 1 2
0 1 1 1 1 1 1 1 1 1 1 1 1 1 1 1 96 0.745782 33 816 0 2
0 1 1 1 1 1 1 1 1 1 1 1 1 1 1 1 96 0.745566 32.37278 817 1 2
0 1 1 1 1 1 1 1 1 1 1 1 1 1 1 1 96 0.745513 31.970232 818 1 2
0 1 1 1 1 1 1 1 1 1 1 1 1 1 1 1 96 0.745441 31.9 819 0 2
0 1 1 1 1 1 1 1 1 1 1 1 1 1 1 1 96 0.745264 31.6 820 0 2
0 1 1 1 1 1 1 1 1 1 1 1 1 1 1 1 96 0.745161 31.5 821 0 2
0 1 1 1 1 1 1 1 1 1 1 1 1 1 1 1 96 0.744995 30.14256 822 1 2
0 1 1 1 1 1 1 1 1 1 1 1 1 1 1 1 96 0.745036 30 823 0 2
0 1 1 1 1 1 1 1 1 1 1 1 1 1 1 1 96 0.744899 29.9 824 0 2
0 1 1 1 1 1 1 1 1 1 1 1 1 1 1 1 96 0.744743 29.9 825 0 2
0 1 1 1 1 1 1 1 1 1 1 1 1 1 1 1 96 0.744557 29.9 826 0 2
0 1 1 1 1 1 1 1 1 1 1 1 1 1 1 1 96 0.74437 29.9 827 0 2
0 1 1 1 1 1 1 1 1 1 1 1 1 1 1 1 96 0.744184 29.6 828 0 2
0 1 1 1 1 1 1 1 1 1 1 1 1 1 1 1 96 0.744089 29.5 829 0 2
0 1 1 1 1 1 1 1 1 1 1 1 1 1 1 1 96 0.743936 29.5 830 0 2
0 1 1 1 1 1 1 1 1 1 1 1 1 1 1 1 96 0.743753 29.3 831 0 2
0 1 1 1 1 1 1 1 1 1 1 1 1 1 1 1 96 0.74363 28.828463 832 1 2
0 1 1 1 1 1 1 1 1 1 1 1 1 1 1 1 96 0.743561 27.942796 833 1 2
0 1 1 1 1 1 1 1 1 1 1 1 1 1 1 1 96 0.743545 27.7 834 0 2
0 1 1 1 1 1 1 1 1 1 1 1 1 1 1 1 96 0.743445 26.678833 835 1 2
0 1 1 1 1 1 1 1 1 1 1 1 1 1 1 1 96 0.743442 24.789877 836 1 2
0 1 1 1 1 1 1 1 1 1 1 1 1 1 1 1 96 0.743525 23.050787 837 1 2
0 1 1 1 1 1 1 1 1 1 1 1 1 1 1 1 96 0.743589 21.37328 838 1 2
0 1 1 1 1 1 1 1 1 1 1 1 1 1 1 1 96 0.74364 20.007431 839 1 2
0 1 1 1 1 1 1 1 1 1 1 1 1 1 1 1 96 0.74366 18.754148 840 1 2
0 1 1 1 1 1 1 1 1 1 1 1 1 1 1 1 96 0.743667 19.2 841 0 2
0 1 1 1 1 1 1 1 1 1 1 1 1 1 1 1 96 0.743455 20.1 842 0 2
0 1 1 1 1 1 1 1 1 1 1 1 1 1 1 1 96 0.743223 20.9 843 0 2
0 1 1 1 1 1 1 1 1 1 1 1 1 1 1 1 96 0.742985 21.4 844 0 2
0 1 1 1 1 1 1 1 1 1 1 1 1 1 1 1 96 0.742742 22 845 0 2
0 1 1 1 1 1 1 1 1 1 1 1 1 1 1 1 96 0.742495 22.6 846 0 2
0 1 1 1 1 1 1 1 1 1 1 1 1 1 1 1 96 0.742243 23.2 847 0 2
0 1 1 1 1 1 1 1 1 1 1 1 1 1 1 1 96 0.741986 24 848 0 2
0 1 1 1 1 1 1 1 1 1 1 1 1 1 1 1 96 0.741723 25 849 0 2
0 1 1 1 1 1 1 1 1 1 1 1 1 1 1 1 96 0.741451 26 850 0 2
0 1 1 1 1 1 1 1 1 1 1 1 1 1 1 1 96 0.741171 26.6 851 0 2
0 1 1 1 1 1 1 1 1 1 1 1 1 1 1 1 96 0.740883 26.6 852 0 2
0 1 1 1 1 1 1 1 1 1 1 1 1 1 1 1 96 0.740709 26.8 853 0 2
0 1 1 1 1 1 1 1 1 1 1 1 1 1 1 1 96 0.74048 27 854 0 2
0 1 1 1 1 1 1 1 1 1 1 1 1 1 1 1 96 0.740248 27.2 855 0 2
0 1 1 1 1 1 1 1 1 1 1 1 1 1 1 1 96 0.740015 27.8 856 0 2
0 1 1 1 1 1 1 1 1 1 1 1 1 1 1 1 96 0.739719 28.1 857 0 2
0 1 1 1 1 1 1 1 1 1 1 1 1 1 1 1 96 0.739447 28.8 858 0 2
0 1 1 1 1 1 1 1 1 1 1 1 1 1 1 1 96 0.739144 28.9 859 0 2
0 1 1 1 1 1 1 1 1 1 1 1 1 1 1 1 96 0.738922 29 860 0 2
0 1 1 1 1 1 1 1 1 1 1 1 1 1 1 1 96 0.738702 29.1 861 0 2
0 1 1 1 1 1 1 1 1 1 1 1 1 1 1 1 96 0.73848 29 862 0 2
0 1 1 1 1 1 1 1 1 1 1 1 1 1 1 1 96 0.738329 27.626601 863 1 2
0 1 1 1 1 1 1 1 1 1 1 1 1 1 1 1 96 0.738366 27.5 864 0 2
0 1 1 1 1 1 1 1 1 1 1 1 1 1 1 1 96 0.738236 26.837673 865 1 2
0 1 1 1 1 1 1 1 1 1 1 1 1 1 1 1 96 0.738191 25.203712 866 1 2
0 1 1 1 1 1 1 1 1 1 1 1 1 1 1 1 96 0.73825 25 867 0 2
0 1 1 1 1 1 1 1 1 1 1 1 1 1 1 1 96 0.738151 24.323822 868 1 2
0 1 1 1 1 1 1 1 1 1 1 1 1 1 1 1 96 0.738108 24.8 869 0 2
0 1 1 1 1 1 1 1 1 1 1 1 1 1 1 1 96 0.737896 25.1 870 0 2
0 1 1 1 1 1 1 1 1 1 1 1 1 1 1 1 96 0.737681 25.5 871 0 2
0 1 1 1 1 1 1 1 1 1 1 1 1 1 1 1 96 0.737465 25.7 872 0 2
0 1 1 1 1 1 1 1 1 1 1 1 1 1 1 1 96 0.737251 26.2 873 0 2
0 1 1 1 1 1 1 1 1 1 1 1 1 1 1 1 96 0.737031 26.9 874 0 2
0 1 1 1 1 1 1 1 1 1 1 1 1 1 1 1 96 0.736808 27.5 875 0 2
0 1 1 1 1 1 1 1 1 1 1 1 1 1 1 1 96 0.736582 27.8 876 0 2
0 1 1 1 1 1 1 1 1 1 1 1 1 1 1 1 96 0.736354 28.4 877 0 2
0 1 1 1 1 1 1 1 1 1 1 1 1 1 1 1 96 0.736123 29 878 0 2
0 1 1 1 1 1 1 1 1 1 1 1 1 1 1 1 96 0.73589 29.2 879 0 2
0 1 1 1 1 1 1 1 1 1 1 1 1 1 1 1 96 0.735654 29.1 880 0 2
0 1 1 1 1 1 1 1 1 1 1 1 1 1 1 1 96 0.735502 29 881 0 2
0 1 1 1 1 1 1 1 1 1 1 1 1 1 1 1 96 0.735351 28.9 882 0 2
0 1 1 1 1 1 1 1 1 1 1 1 1 1 1 1 96 0.735201 28.426007 883 1 2
0 1 1 1 1 1 1 1 1 1 1 1 1 1 1 1 96 0.735133 28.082335 884 0 2
0 1 1 1 1 1 1 1 1 1 1 1 1 1 1 1 96 0.735051 28 885 0 2
0 1 1 1 1 1 1 1 1 1 1 1 1 1 1 1 96 0.734901 28 886 0 2
0 1 1 1 1 1 1 1 1 1 1 1 1 1 1 1 96 0.734727 27.520603 887 1 2
0 1 1 1 1 1 1 1 1 1 1 1 1 1 1 1 96 0.73466 27.181312 888 0 2
0 1 1 1 1 1 1 1 1 1 1 1 1 1 1 1 96 0.73458 26.370783 889 1 2
0 1 1 1 1 1 1 1 1 1 1 1 1 1 1 1 96 0.734553 27 890 0 2
0 1 1 1 1 1 1 1 1 1 1 1 1 1 1 1 96 0.734334 27.5 891 0 2
0 1 1 1 1 1 1 1 1 1 1 1 1 1 1 1 96 0.734112 27.8 892 0 2
0 1 1 1 1 1 1 1 1 1 1 1 1 1 1 1 96 0.733889 28 893 0 2
0 1 1 1 1 1 1 1 1 1 1 1 1 1 1 1 96 0.733664 27.8 894 0 2
0 1 1 1 1 1 1 1 1 1 1 1 1 1 1 1 96 0.733547 28 895 0 2
0 1 1 1 1 1 1 1 1 1 1 1 1 1 1 1 96 0.733323 28 896 0 2
0 1 1 1 1 1 1 1 1 1 1 1 1 1 1 1 96 0.733148 28 897 0 2
0 1 1 1 1 1 1 1 1 1 1 1 1 1 1 1 96 0.732973 27.7 898 0 2
0 1 1 1 1 1 1 1 1 1 1 1 1 1 1 1 96 0.732885 27.39884 899 0 2
0 1 1 1 1 1 1 1 1 1 1 1 1 1 1 1 96 0.732798 26.738015 900 1 2
0 1 1 1 1 1 1 1 1 1 1 1 1 1 1 1 96 0.732753 26.6 901 0 2
0 1 1 1 1 1 1 1 1 1 1 1 1 1 1 1 96 0.732627 26.5 902 0 2
0 1 1 1 1 1 1 1 1 1 1 1 1 1 1 1 96 0.732488 26.5 903 0 2
0 1 1 1 1 1 1 1 1 1 1 1 1 1 1 1 96 0.732323 26.5 904 0 2
0 1 1 1 1 1 1 1 1 1 1 1 1 1 1 1 96 0.732157 26.3 905 0 2
0 1 1 1 1 1 1 1 1 1 1 1 1 1 1 1 96 0.732046 26.2 906 0 2
0 1 1 1 1 1 1 1 1 1 1 1 1 1 1 1 96 0.731909 26.2 907 0 2
0 1 1 1 1 1 1 1 1 1 1 1 1 1 1 1 96 0.731745 25.890308 908 0 2
0 1 1 1 1 1 1 1 1 1 1 1 1 1 1 1 96 0.731661 25.596359 909 0 2
0 1 1 1 1 1 1 1 1 1 1 1 1 1 1 1 96 0.731576 25.6 910 0 2
0 1 1 1 1 1 1 1 1 1 1 1 1 1 1 1 96 0.731415 25.9 911 0 2
0 1 1 1 1 1 1 1 1 1 1 1 1 1 1 1 96 0.731207 25.8 912 0 2
0 1 1 1 1 1 1 1 1 1 1 1 1 1 1 1 96 0.731071 25.488113 913 0 2
0 1 1 1 1 1 1 1 1 1 1 1 1 1 1 1 96 0.730987 24.115917 914 1 2
0 1 1 1 1 1 1 1 1 1 1 1 1 1 1 1 96 0.731015 23.226502 915 1 2
0 1 1 1 1 1 1 1 1 1 1 1 1 1 1 1 96 0.730998 21.593568 916 1 2
0 1 1 1 1 1 1 1 1 1 1 1 1 1 1 1 96 0.731044 21.6 917 0 2
0 1 1 1 1 1 1 1 1 1 1 1 1 1 1 1 96 0.730909 21.6 918 0 2
0 1 1 1 1 1 1 1 1 1 1 1 1 1 1 1 96 0.730769 21.7 919 0 2
0 1 1 1 1 1 1 1 1 1 1 1 1 1 1 1 96 0.730606 22.6 920 0 2
0 1 1 1 1 1 1 1 1 1 1 1 1 1 1 1 96 0.730379 23.4 921 0 2
0 1 1 1 1 1 1 1 1 1 1 1 1 1 1 1 96 0.730145 24 922 0 2
0 1 1 1 1 1 1 1 1 1 1 1 1 1 1 1 96 0.729906 24.2 923 0 2
0 1 1 1 1 1 1 1 1 1 1 1 1 1 1 1 96 0.729699 24.4 924 0 2
0 1 1 1 1 1 1 1 1 1 1 1 1 1 1 1 96 0.72949 24.9 925 0 2
0 1 1 1 1 1 1 1 1 1 1 1 1 1 1 1 96 0.729245 25.1 926 0 2
0 1 1 1 1 1 1 1 1 1 1 1 1 1 1 1 96 0.72903 25.2 927 0 2
0 1 1 1 1 1 1 1 1 1 1 1 1 1 1 1 96 0.72884 25.3 928 0 2
0 1 1 1 1 1 1 1 1 1 1 1 1 1 1 1 96 0.72865 25.5 929 0 2
0 1 1 1 1 1 1 1 1 1 1 1 1 1 1 1 96 0.728432 25.186489 930 0 2
0 1 1 1 1 1 1 1 1 1 1 1 1 1 1 1 96 0.728344 25 931 0 2
0 1 1 1 1 1 1 1 1 1 1 1 1 1 1 1 96 0.72823 25 932 0 2
0 1 1 1 1 1 1 1 1 1 1 1 1 1 1 1 96 0.728068 25 933 0 2
0 1 1 1 1 1 1 1 1 1 1 1 1 1 1 1 96 0.727906 24.683824 934 0 2
0 1 1 1 1 1 1 1 1 1 1 1 1 1 1 1 96 0.72782 24.5 935 0 2
0 1 1 1 1 1 1 1 1 1 1 1 1 1 1 1 96 0.727707 24.3 936 0 2
0 1 1 1 1 1 1 1 1 1 1 1 1 1 1 1 96 0.7276 24.3 937 0 2
0 1 1 1 1 1 1 1 1 1 1 1 1 1 1 1 96 0.727443 24.5 938 0 2
0 1 1 1 1 1 1 1 1 1 1 1 1 1 1 1 96 0.727234 25 939 0 2
0 1 1 1 1 1 1 1 1 1 1 1 1 1 1 1 96 0.726993 25 940 0 2
0 1 1 1 1 1 1 1 1 1 1 1 1 1 1 1 96 0.726829 24.503823 941 1 2
0 1 1 1 1 1 1 1 1 1 1 1 1 1 1 1 96 0.726763 24.6 942 0 2
0 1 1 1 1 1 1 1 1 1 1 1 1 1 1 1 96 0.726581 23.921728 943 1 2
0 1 1 1 1 1 1 1 1 1 1 1 1 1 1 1 96 0.726534 24.5 944 0 2
0 1 1 1 1 1 1 1 1 1 1 1 1 1 1 1 96 0.726298 25.1 945 0 2
0 1 1 1 1 1 1 1 1 1 1 1 1 1 1 1 96 0.726059 25.6 946 0 2
0 1 1 1 1 1 1 1 1 1 1 1 1 1 1 1 96 0.725815 24.927026 947 1 2
0 1 1 1 1 1 1 1 1 1 1 1 1 1 1 1 96 0.725765 23.481799 948 1 2
0 1 1 1 1 1 1 1 1 1 1 1 1 1 1 1 96 0.725796 21.030546 949 1 2
0 1 1 1 1 1 1 1 1 1 1 1 1 1 1 1 96 0.72591 19.56008 950 1 2
0 1 1 1 1 1 1 1 1 1 1 1 1 1 1 1 96 0.725937 16.9 951 1 2
0 1 1 1 1 1 1 1 1 1 1 1 1 1 1 1 96 0.726147 13.6 952 1 2
0 1 1 1 1 1 1 1 1 1 1 1 1 1 1 1 96 0.726366 10.3 953 1 2
0 1 1 1 1 1 1 1 1 1 1 1 1 1 1 1 96 0.726536 7 954 1 2
0 1 1 1 1 1 1 1 1 1 1 1 1 1 1 1 96 0.726639 3.7 955 1 2
0 1 1 1 1 1 1 1 1 1 1 1 1 1 1 1 96 0.726675 0.4 956 1 2
0 0 1 1 1 1 1 1 1 1 1 1 1 1 1 1 96 0.726658 0 957 1 2
0 0 1 1 1 1 1 1 1 1 1 1 1 1 1 1 96 0.726604 0 958 1 2
0 0 1 1 1 1 1 1 1 1 1 1 1 1 1 1 96 0.726579 0 959 1 2
0 0 1 1 1 1 1 1 1 1 1 1 1 1 1 1 96 0.726554 2 960 1 2
0 0 1 1 1 1 1 1 1 1 1 1 1 1 1 1 96 0.726471 5.3 961 1 2
0 1 1 1 1 1 1 1 1 1 1 1 1 1 1 1 96 0.726273 8.6 962 0 2
0 1 1 1 1 1 1 1 1 1 1 1 1 1 1 1 96 0.726077 11.9 963 0 2
0 1 1 1 1 1 1 1 1 1 1 1 1 1 1 1 96 0.725811 15.2 964 0 2
0 1 1 1 1 1 1 1 1 1 1 1 1 1 1 1 96 0.725474 17.5 965 0 2
0 1 1 1 1 1 1 1 1 1 1 1 1 1 1 1 96 0.725235 18.6 966 0 2
0 1 1 1 1 1 1 1 1 1 1 1 1 1 1 1 96 0.724977 20 967 0 2
0 1 1 1 1 1 1 1 1 1 1 1 1 1 1 1 96 0.724703 21.1 968 0 2
0 1 1 1 1 1 1 1 1 1 1 1 1 1 1 1 96 0.724416 22 969 0 2
0 1 1 1 1 1 1 1 1 1 1 1 1 1 1 1 96 0.724118 23 970 0 2
0 1 1 1 1 1 1 1 1 1 1 1 1 1 1 1 96 0.72381 24.5 971 0 2
0 1 1 1 1 1 1 1 1 1 1 1 1 1 1 1 96 0.723487 26.3 972 0 2
0 1 1 1 1 1 1 1 1 1 1 1 1 1 1 1 96 0.723145 27.5 973 0 2
0 1 1 1 1 1 1 1 1 1 1 1 1 1 1 1 96 0.722789 28.1 974 0 2
0 1 1 1 1 1 1 1 1 1 1 1 1 1 1 1 96 0.722533 28.4 975 0 2
0 1 1 1 1 1 1 1 1 1 1 1 1 1 1 1 96 0.722275 28.5 976 0 2
0 1 1 1 1 1 1 1 1 1 1 1 1 1 1 1 96 0.722058 28.5 977 0 2
0 1 1 1 1 1 1 1 1 1 1 1 1 1 1 1 96 0.721871 28.5 978 0 2
0 1 1 1 1 1 1 1 1 1 1 1 1 1 1 1 96 0.721684 27.303573 979 1 2
0 1 1 1 1 1 1 1 1 1 1 1 1 1 1 1 96 0.721701 27.5 980 0 2
0 1 1 1 1 1 1 1 1 1 1 1 1 1 1 1 96 0.721501 27.197675 981 0 2
0 1 1 1 1 1 1 1 1 1 1 1 1 1 1 1 96 0.721413 26.71779 982 1 2
0 1 1 1 1 1 1 1 1 1 1 1 1 1 1 1 96 0.721348 26.5 983 0 2
0 1 1 1 1 1 1 1 1 1 1 1 1 1 1 1 96 0.721243 25.831975 984 1 2
0 1 1 1 1 1 1 1 1 1 1 1 1 1 1 1 96 0.721199 25.7 985 0 2
0 1 1 1 1 1 1 1 1 1 1 1 1 1 1 1 96 0.721075 25.027567 986 1 2
0 1 1 1 1 1 1 1 1 1 1 1 1 1 1 1 96 0.721031 23.401889 987 1 2
0 1 1 1 1 1 1 1 1 1 1 1 1 1 1 1 96 0.721082 21.094088 988 1 2
0 1 1 1 1 1 1 1 1 1 1 1 1 1 1 1 96 0.721186 21.5 989 0 2
0 1 1 1 1 1 1 1 1 1 1 1 1 1 1 1 96 0.721017 21.5 990 0 2
0 1 1 1 1 1 1 1 1 1 1 1 1 1 1 1 96 0.720876 21.8 991 0 2
0 1 1 1 1 1 1 1 1 1 1 1 1 1 1 1 96 0.720706 22.5 992 0 2
0 1 1 1 1 1 1 1 1 1 1 1 1 1 1 1 96 0.720498 23 993 0 2
0 1 1 1 1 1 1 1 1 1 1 1 1 1 1 1 96 0.720287 22.8 994 0 2
0 1 1 1 1 1 1 1 1 1 1 1 1 1 1 1 96 0.720184 22.8 995 0 2
0 1 1 1 1 1 1 1 1 1 1 1 1 1 1 1 96 0.720037 23 996 0 2
0 1 1 1 1 1 1 1 1 1 1 1 1 1 1 1 96 0.719841 22.673692 997 0 2
0 1 1 1 1 1 1 1 1 1 1 1 1 1 1 1 96 0.719761 22.7 998 0 2
0 1 1 1 1 1 1 1 1 1 1 1 1 1 1 1 96 0.719608 22.7 999 0 2
0 1 1 1 1 1 1 1 1 1 1 1 1 1 1 1 96 0.719461 23.5 1000 0 2
0 1 1 1 1 1 1 1 1 1 1 1 1 1 1 1 96 0.719249 24 1001 0 2
0 1 1 1 1 1 1 1 1 1 1 1 1 1 1 1 96 0.719033 24.6 1002 0 2
0 1 1 1 1 1 1 1 1 1 1 1 1 1 1 1 96 0.718812 24.8 1003 0 2
0 1 1 1 1 1 1 1 1 1 1 1 1 1 1 1 96 0.7186 25.1 1004 0 2
0 1 1 1 1 1 1 1 1 1 1 1 1 1 1 1 96 0.718376 25.5 1005 0 2
0 1 1 1 1 1 1 1 1 1 1 1 1 1 1 1 96 0.71815 25.6 1006 0 2
0 1 1 1 1 1 1 1 1 1 1 1 1 1 1 1 96 0.717957 25.5 1007 0 2
0 1 1 1 1 1 1 1 1 1 1 1 1 1 1 1 96 0.717817 24.826487 1008 1 2
0 1 1 1 1 1 1 1 1 1 1 1 1 1 1 1 96 0.717769 23.741713 1009 1 2
0 1 1 1 1 1 1 1 1 1 1 1 1 1 1 1 96 0.717766 23.7 1010 0 2
0 1 1 1 1 1 1 1 1 1 1 1 1 1 1 1 96 0.717627 23.01714 1011 1 2
0 1 1 1 1 1 1 1 1 1 1 1 1 1 1 1 96 0.717581 22.9 1012 0 2
0 1 1 1 1 1 1 1 1 1 1 1 1 1 1 1 96 0.717463 22.393207 1013 1 2
0 1 1 1 1 1 1 1 1 1 1 1 1 1 1 1 96 0.717401 21.896219 1014 1 2
0 1 1 1 1 1 1 1 1 1 1 1 1 1 1 1 96 0.71734 21.571487 1015 1 2
0 1 1 1 1 1 1 1 1 1 1 1 1 1 1 1 96 0.71727 19.849751 1016 1 2
0 1 1 1 1 1 1 1 1 1 1 1 1 1 1 1 96 0.717312 17.5 1017 1 2
0 1 1 1 1 1 1 1 1 1 1 1 1 1 1 1 96 0.717497 14.2 1018 1 2
0 1 1 1 1 1 1 1 1 1 1 1 1 1 1 1 96 0.717726 10.9 1019 1 2
0 1 1 1 1 1 1 1 1 1 1 1 1 1 1 1 96 0.717908 7.6 1020 1 2
0 1 1 1 1 1 1 1 1 1 1 1 1 1 1 1 96 0.718023 4.3 1021 1 2
0 1 1 1 1 1 1 1 1 1 1 1 1 1 1 1 96 0.718068 1 1022 1 2
0 0 1 1 1 1 1 1 1 1 1 1 1 1 1 1 96 0.718063 0 1023 1 2
0 0 1 1 1 1 1 1 1 1 1 1 1 1 1 1 96 0.718011 0 1024 1 2
0 0 1 1 1 1 1 1 1 1 1 1 1 1 1 1 96 0.717986 0 1025 1 2
0 0 1 1 1 1 1 1 1 1 1 1 1 1 1 1 96 0.717961 0 1026 1 2
0 0 1 1 1 1 1 1 1 1 1 1 1 1 1 1 96 0.717937 0 1027 1 2
0 0 1 1 1 1 1 1 1 1 1 1 1 1 1 1 96 0.717912 0 1028 1 2
0 0 1 1 1 1 1 1 1 1 1 1 1 1 1 1 96 0.717887 0 1029 1 2
0 0 1 1 1 1 1 1 1 1 1 1 1 1 1 1 96 0.717862 0 1030 1 2
0 0 1 1 1 1 1 1 1 1 1 1 1 1 1 1 96 0.717838 0 1031 1 2
0 0 1 1 1 1 1 1 1 1 1 1 1 1 1 1 96 0.717813 0 1032 1 2
0 0 1 1 1 1 1 1 1 1 1 1 1 1 1 1 96 0.717788 0 1033 1 2
0 0 1 1 1 1 1 1 1 1 1 1 1 1 1 1 96 0.717763 0 1034 1 2
0 0 1 1 1 1 1 1 1 1 1 1 1 1 1 1 96 0.717739 0 1035 1 2
0 0 1 1 1 1 1 1 1 1 1 1 1 1 1 1 96 0.717714 0 1036 1 2
0 0 1 1 1 1 1 1 1 1 1 1 1 1 1 1 96 0.717689 0 1037 1 2
0 0 1 1 1 1 1 1 1 1 1 1 1 1 1 1 96 0.717664 0 1038 1 2
0 0 1 1 1 1 1 1 1 1 1 1 1 1 1 1 96 0.71764 0 1039 1 2
0 0 1 1 1 1 1 1 1 1 1 1 1 1 1 1 96 0.717615 0 1040 1 2
0 0 1 1 1 1 1 1 1 1 1 1 1 1 1 1 96 0.71759 0 1041 1 2
0 0 1 1 1 1 1 1 1 1 1 1 1 1 1 1 96 0.717565 0 1042 1 2
0 0 1 1 1 1 1 1 1 1 1 1 1 1 1 1 96 0.717541 0 1043 1 2
0 0 1 1 1 1 1 1 1 1 1 1 1 1 1 1 96 0.717516 0 1044 1 2
0 0 1 1 1 1 1 1 1 1 1 1 1 1 1 1 96 0.717491 0 1045 1 2
0 0 1 1 1 1 1 1 1 1 1 1 1 1 1 1 96 0.717467 0 1046 1 2
0 0 1 1 1 1 1 1 1 1 1 1 1 1 1 1 96 0.717442 0 1047 1 2
0 0 1 1 1 1 1 1 1 1 1 1 1 1 1 1 96 0.717417 0 1048 1 2
0 0 1 1 1 1 1 1 1 1 1 1 1 1 1 1 96 0.717392 0 1049 1 2
0 0 1 1 1 1 1 1 1 1 1 1 1 1 1 1 96 0.717368 0 1050 1 2
0 0 1 1 1 1 1 1 1 1 1 1 1 1 1 1 96 0.717343 0 1051 1 2
0 0 1 1 1 1 1 1 1 1 1 1 1 1 1 1 96 0.717318 0 1052 1 2
0 0 1 1 1 1 1 1 1 1 1 1 1 1 1 1 96 0.717293 1.2 1053 1 2
0 0 1 1 1 1 1 1 1 1 1 1 1 1 1 1 96 0.717221 4 1054 1 2
0 1 1 1 1 1 1 1 1 1 1 1 1 1 1 1 96 0.717083 7.3 1055 0 2
0 1 1 1 1 1 1 1 1 1 1 1 1 1 1 1 96 0.716923 10.6 1056 0 2
0 1 1 1 1 1 1 1 1 1 1 1 1 1 1 1 96 0.716706 13.9 1057 0 2
0 1 1 1 1 1 1 1 1 1 1 1 1 1 1 1 96 0.716425 17 1058 0 2
0 1 1 1 1 1 1 1 1 1 1 1 1 1 1 1 96 0.716085 18.5 1059 0 2
0 1 1 1 1 1 1 1 1 1 1 1 1 1 1 1 96 0.715852 20 1060 0 2
0 1 1 1 1 1 1 1 1 1 1 1 1 1 1 1 96 0.715602 21.8 1061 0 2
0 1 1 1 1 1 1 1 1 1 1 1 1 1 1 1 96 0.715336 23 1062 0 2
0 1 1 1 1 1 1 1 1 1 1 1 1 1 1 1 96 0.715055 24 1063 0 2
0 1 1 1 1 1 1 1 1 1 1 1 1 1 1 1 96 0.714764 24.8 1064 0 2
0 1 1 1 1 1 1 1 1 1 1 1 1 1 1 1 96 0.714552 25.6 1065 0 2
0 1 1 1 1 1 1 1 1 1 1 1 1 1 1 1 96 0.714335 26.5 1066 0 2
0 1 1 1 1 1 1 1 1 1 1 1 1 1 1 1 96 0.714112 26.8 1067 0 2
0 1 1 1 1 1 1 1 1 1 1 1 1 1 1 1 96 0.713887 27.4 1068 0 2
0 1 1 1 1 1 1 1 1 1 1 1 1 1 1 1 96 0.713658 27.9 1069 0 2
0 1 1 1 1 1 1 1 1 1 1 1 1 1 1 1 96 0.713426 28.3 1070 0 2
0 1 1 1 1 1 1 1 1 1 1 1 1 1 1 1 96 0.713191 28 1071 0 2
0 1 1 1 1 1 1 1 1 1 1 1 1 1 1 1 96 0.713101 27.340602 1072 1 2
0 1 1 1 1 1 1 1 1 1 1 1 1 1 1 1 96 0.713056 26.964271 1073 1 2
0 1 1 1 1 1 1 1 1 1 1 1 1 1 1 1 96 0.712987 27 1074 0 2
0 1 1 1 1 1 1 1 1 1 1 1 1 1 1 1 96 0.712809 25.974792 1075 1 2
0 1 1 1 1 1 1 1 1 1 1 1 1 1 1 1 96 0.712805 23.549167 1076 1 2
0 1 1 1 1 1 1 1 1 1 1 1 1 1 1 1 96 0.712934 21.877027 1077 1 2
0 1 1 1 1 1 1 1 1 1 1 1 1 1 1 1 96 0.712989 21.40675 1078 1 2
0 1 1 1 1 1 1 1 1 1 1 1 1 1 1 1 96 0.712932 20.16081 1079 1 2
0 1 1 1 1 1 1 1 1 1 1 1 1 1 1 1 96 0.712938 18 1080 1 2
0 1 1 1 1 1 1 1 1 1 1 1 1 1 1 1 96 0.713103 15 1081 1 2
0 1 1 1 1 1 1 1 1 1 1 1 1 1 1 1 96 0.713318 12.3 1082 1 2
0 1 1 1 1 1 1 1 1 1 1 1 1 1 1 1 96 0.713472 10.313794 1083 1 2
0 1 1 1 1 1 1 1 1 1 1 1 1 1 1 1 96 0.713485 10.6 1084 0 2
0 1 1 1 1 1 1 1 1 1 1 1 1 1 1 1 96 0.71336 9.689733 1085 1 2
0 1 1 1 1 1 1 1 1 1 1 1 1 1 1 1 96 0.713314 9.5 1086 0 2
0 1 1 1 1 1 1 1 1 1 1 1 1 1 1 1 96 0.713241 8.950082 1087 1 2
0 1 1 1 1 1 1 1 1 1 1 1 1 1 1 1 96 0.713182 8.667271 1088 1 2
0 1 1 1 1 1 1 1 1 1 1 1 1 1 1 1 96 0.713111 8.6 1089 0 2
0 1 1 1 1 1 1 1 1 1 1 1 1 1 1 1 96 0.713022 8.8 1090 0 2
0 1 1 1 1 1 1 1 1 1 1 1 1 1 1 1 96 0.712908 9 1091 0 2
0 1 1 1 1 1 1 1 1 1 1 1 1 1 1 1 96 0.712792 8.628555 1092 1 2
0 1 1 1 1 1 1 1 1 1 1 1 1 1 1 1 96 0.712721 8.6 1093 0 2
0 1 1 1 1 1 1 1 1 1 1 1 1 1 1 1 96 0.712628 7.699052 1094 1 2
0 1 1 1 1 1 1 1 1 1 1 1 1 1 1 1 96 0.712576 6.631086 1095 1 2
0 1 1 1 1 1 1 1 1 1 1 1 1 1 1 1 96 0.712528 5 1096 1 2
0 1 1 1 1 1 1 1 1 1 1 1 1 1 1 1 96 0.712513 3.78528 1097 1 2
0 1 1 1 1 1 1 1 1 1 1 1 1 1 1 1 96 0.712466 1.945436 1098 1 2
0 1 1 1 1 1 1 1 1 1 1 1 1 1 1 1 96 0.712429 0.529486 1099 1 2
0 0 1 1 1 1 1 1 1 1 1 1 1 1 1 1 96 0.712381 0 1100 1 2
0 0 1 1 1 1 1 1 1 1 1 1 1 1 1 1 96 0.712326 0.1 1101 1 2
0 0 1 1 1 1 1 1 1 1 1 1 1 1 1 1 96 0.712246 0.6 1102 1 2
0 0 1 1 1 1 1 1 1 1 1 1 1 1 1 1 96 0.712182 1.6 1103 1 2
0 0 1 1 1 1 1 1 1 1 1 1 1 1 1 1 96 0.712111 3.6 1104 1 2
0 1 1 1 1 1 1 1 1 1 1 1 1 1 1 1 96 0.711996 6.9 1105 0 2
0 1 1 1 1 1 1 1 1 1 1 1 1 1 1 1 96 0.71185 10 1106 0 2
0 1 1 1 1 1 1 1 1 1 1 1 1 1 1 1 96 0.711654 12.8 1107 0 2
0 1 1 1 1 1 1 1 1 1 1 1 1 1 1 1 96 0.711404 14 1108 0 2
0 1 1 1 1 1 1 1 1 1 1 1 1 1 1 1 96 0.711225 14.5 1109 0 2
0 1 1 1 1 1 1 1 1 1 1 1 1 1 1 1 96 0.711039 16 1110 0 2
0 1 1 1 1 1 1 1 1 1 1 1 1 1 1 1 96 0.710844 18.1 1111 0 2
0 1 1 1 1 1 1 1 1 1 1 1 1 1 1 1 96 0.71063 20 1112 0 2
0 1 1 1 1 1 1 1 1 1 1 1 1 1 1 1 96 0.710396 21 1113 0 2
0 1 1 1 1 1 1 1 1 1 1 1 1 1 1 1 96 0.710149 21.2 1114 0 2
0 1 1 1 1 1 1 1 1 1 1 1 1 1 1 1 96 0.709968 21.3 1115 0 2
0 1 1 1 1 1 1 1 1 1 1 1 1 1 1 1 96 0.709805 21.4 1116 0 2
0 1 1 1 1 1 1 1 1 1 1 1 1 1 1 1 96 0.709642 21.7 1117 0 2
0 1 1 1 1 1 1 1 1 1 1 1 1 1 1 1 96 0.70946 22.5 1118 0 2
0 1 1 1 1 1 1 1 1 1 1 1 1 1 1 1 96 0.709274 23 1119 0 2
0 1 1 1 1 1 1 1 1 1 1 1 1 1 1 1 96 0.709085 23.8 1120 0 2
0 1 1 1 1 1 1 1 1 1 1 1 1 1 1 1 96 0.708892 24.5 1121 0 2
0 1 1 1 1 1 1 1 1 1 1 1 1 1 1 1 96 0.708695 25 1122 0 2
0 1 1 1 1 1 1 1 1 1 1 1 1 1 1 1 96 0.708494 24.9 1123 0 2
0 1 1 1 1 1 1 1 1 1 1 1 1 1 1 1 96 0.708357 24.8 1124 0 2
0 1 1 1 1 1 1 1 1 1 1 1 1 1 1 1 96 0.708221 25 1125 0 2
0 1 1 1 1 1 1 1 1 1 1 1 1 1 1 1 96 0.708021 25.4 1126 0 2
0 1 1 1 1 1 1 1 1 1 1 1 1 1 1 1 96 0.707819 25.8 1127 0 2
0 1 1 1 1 1 1 1 1 1 1 1 1 1 1 1 96 0.707615 26 1128 0 2
0 1 1 1 1 1 1 1 1 1 1 1 1 1 1 1 96 0.707409 26.4 1129 0 2
0 1 1 1 1 1 1 1 1 1 1 1 1 1 1 1 96 0.707202 26.6 1130 0 2
0 1 1 1 1 1 1 1 1 1 1 1 1 1 1 1 96 0.706994 26.9 1131 0 2
0 1 1 1 1 1 1 1 1 1 1 1 1 1 1 1 96 0.706784 27 1132 0 2
0 1 1 1 1 1 1 1 1 1 1 1 1 1 1 1 96 0.70658 27 1133 0 2
0 1 1 1 1 1 1 1 1 1 1 1 1 1 1 1 96 0.706403 27 1134 0 2
0 1 1 1 1 1 1 1 1 1 1 1 1 1 1 1 96 0.706227 26.9 1135 0 2
0 1 1 1 1 1 1 1 1 1 1 1 1 1 1 1 96 0.706079 26.8 1136 0 2
0 1 1 1 1 1 1 1 1 1 1 1 1 1 1 1 96 0.705932 26.8 1137 0 2
0 1 1 1 1 1 1 1 1 1 1 1 1 1 1 1 96 0.705757 26.493664 1138 0 2
0 1 1 1 1 1 1 1 1 1 1 1 1 1 1 1 96 0.705671 26.4 1139 0 2
0 1 1 1 1 1 1 1 1 1 1 1 1 1 1 1 96 0.705532 25.911418 1140 1 2
0 1 1 1 1 1 1 1 1 1 1 1 1 1 1 1 96 0.705468 25.399586 1141 1 2
0 1 1 1 1 1 1 1 1 1 1 1 1 1 1 1 96 0.705408 24.186268 1142 1 2
0 1 1 1 1 1 1 1 1 1 1 1 1 1 1 1 96 0.705421 23.170577 1143 1 2
0 1 1 1 1 1 1 1 1 1 1 1 1 1 1 1 96 0.705417 21.5 1144 1 2
0 1 1 1 1 1 1 1 1 1 1 1 1 1 1 1 96 0.705554 20 1145 1 2
0 1 1 1 1 1 1 1 1 1 1 1 1 1 1 1 96 0.705657 17.5 1146 1 2
0 1 1 1 1 1 1 1 1 1 1 1 1 1 1 1 96 0.705852 16 1147 1 2
0 1 1 1 1 1 1 1 1 1 1 1 1 1 1 1 96 0.705927 14 1148 1 2
0 1 1 1 1 1 1 1 1 1 1 1 1 1 1 1 96 0.706037 10.7 1149 1 2
0 1 1 1 1 1 1 1 1 1 1 1 1 1 1 1 96 0.706213 7.4 1150 1 2
0 1 1 1 1 1 1 1 1 1 1 1 1 1 1 1 96 0.706325 4.1 1151 1 2
0 1 1 1 1 1 1 1 1 1 1 1 1 1 1 1 96 0.706366 0.8 1152 1 2
0 0 1 1 1 1 1 1 1 1 1 1 1 1 1 1 96 0.706357 0 1153 1 2
0 0 1 1 1 1 1 1 1 1 1 1 1 1 1 1 96 0.706304 0 1154 1 2
0 0 1 1 1 1 1 1 1 1 1 1 1 1 1 1 96 0.706279 0 1155 1 2
0 0 1 1 1 1 1 1 1 1 1 1 1 1 1 1 96 0.706255 0 1156 1 2
0 0 1 1 1 1 1 1 1 1 1 1 1 1 1 1 96 0.70623 0 1157 1 2
0 0 1 1 1 1 1 1 1 1 1 1 1 1 1 1 96 0.706205 0 1158 1 2
0 0 1 1 1 1 1 1 1 1 1 1 1 1 1 1 96 0.70618 0 1159 1 2
0 0 1 1 1 1 1 1 1 1 1 1 1 1 1 1 96 0.706155 0 1160 1 2
0 0 1 1 1 1 1 1 1 1 1 1 1 1 1 1 96 0.706131 0 1161 1 2
0 0 1 1 1 1 1 1 1 1 1 1 1 1 1 1 96 0.706106 0 1162 1 2
0 0 1 1 1 1 1 1 1 1 1 1 1 1 1 1 96 0.706081 0 1163 1 2
0 0 1 1 1 1 1 1 1 1 1 1 1 1 1 1 96 0.706056 0 1164 1 2
0 0 1 1 1 1 1 1 1 1 1 1 1 1 1 1 96 0.706032 0 1165 1 2
0 0 1 1 1 1 1 1 1 1 1 1 1 1 1 1 96 0.706007 0 1166 1 2
0 0 1 1 1 1 1 1 1 1 1 1 1 1 1 1 96 0.705982 0 1167 1 2
0 0 1 1 1 1 1 1 1 1 1 1 1 1 1 1 96 0.705957 0 1168 1 2
0 0 1 1 1 1 1 1 1 1 1 1 1 1 1 1 96 0.705933 2.1 1169 1 2
0 0 1 1 1 1 1 1 1 1 1 1 1 1 1 1 96 0.705848 5.4 1170 1 2
0 1 1 1 1 1 1 1 1 1 1 1 1 1 1 1 96 0.705646 8.7 1171 0 2
0 1 1 1 1 1 1 1 1 1 1 1 1 1 1 1 96 0.705482 12 1172 0 2
0 1 1 1 1 1 1 1 1 1 1 1 1 1 1 1 96 0.705266 15.3 1173 0 2
0 1 1 1 1 1 1 1 1 1 1 1 1 1 1 1 96 0.704996 18.6 1174 0 2
0 1 1 1 1 1 1 1 1 1 1 1 1 1 1 1 96 0.704676 21.1 1175 0 2
0 1 1 1 1 1 1 1 1 1 1 1 1 1 1 1 96 0.70445 23 1176 0 2
0 1 1 1 1 1 1 1 1 1 1 1 1 1 1 1 96 0.704204 23.5 1177 0 2
0 1 1 1 1 1 1 1 1 1 1 1 1 1 1 1 96 0.704023 22.816143 1178 1 2
0 1 1 1 1 1 1 1 1 1 1 1 1 1 1 1 96 0.703976 22.476083 1179 1 2
0 1 1 1 1 1 1 1 1 1 1 1 1 1 1 1 96 0.703906 20 1180 1 2
0 1 1 1 1 1 1 1 1 1 1 1 1 1 1 1 96 0.704133 16.7 1181 1 2
0 1 1 1 1 1 1 1 1 1 1 1 1 1 1 1 96 0.704407 13.4 1182 1 2
0 1 1 1 1 1 1 1 1 1 1 1 1 1 1 1 96 0.704624 10.1 1183 1 2
0 1 1 1 1 1 1 1 1 1 1 1 1 1 1 1 96 0.704791 6.8 1184 1 2
0 1 1 1 1 1 1 1 1 1 1 1 1 1 1 1 96 0.704889 3.5 1185 1 2
0 1 1 1 1 1 1 1 1 1 1 1 1 1 1 1 96 0.704922 0.2 1186 1 2
0 0 1 1 1 1 1 1 1 1 1 1 1 1 1 1 96 0.704901 0 1187 1 2
0 0 1 1 1 1 1 1 1 1 1 1 1 1 1 1 96 0.704846 0 1188 1 2
0 0 1 1 1 1 1 1 1 1 1 1 1 1 1 1 96 0.704822 0 1189 1 2
0 0 1 1 1 1 1 1 1 1 1 1 1 1 1 1 96 0.704797 0 1190 1 2
0 0 1 1 1 1 1 1 1 1 1 1 1 1 1 1 96 0.704772 0 1191 1 2
0 0 1 1 1 1 1 1 1 1 1 1 1 1 1 1 96 0.704747 0 1192 1 2
0 0 1 1 1 1 1 1 1 1 1 1 1 1 1 1 96 0.704723 0 1193 1 2
0 0 1 1 1 1 1 1 1 1 1 1 1 1 1 1 96 0.704698 0 1194 1 2
0 0 1 1 1 1 1 1 1 1 1 1 1 1 1 1 96 0.704673 0 1195 1 2
0 0 1 1 1 1 1 1 1 1 1 1 1 1 1 1 96 0.704648 0 1196 1 2
0 0 1 1 1 1 1 1 1 1 1 1 1 1 1 1 96 0.704624 0.2 1197 1 2
0 0 1 1 1 1 1 1 1 1 1 1 1 1 1 1 96 0.704555 1.5 1198 1 2
0 0 1 1 1 1 1 1 1 1 1 1 1 1 1 1 96 0.704481 3.5 1199 1 2
0 1 1 1 1 1 1 1 1 1 1 1 1 1 1 1 96 0.704368 6.5 1200 0 2
0 1 1 1 1 1 1 1 1 1 1 1 1 1 1 1 96 0.704236 9.8 1201 0 2
0 1 1 1 1 1 1 1 1 1 1 1 1 1 1 1 96 0.70406 12 1202 0 2
0 1 1 1 1 1 1 1 1 1 1 1 1 1 1 1 96 0.70384 12.9 1203 0 2
0 1 1 1 1 1 1 1 1 1 1 1 1 1 1 1 96 0.703681 13 1204 0 2
0 1 1 1 1 1 1 1 1 1 1 1 1 1 1 1 96 0.703559 12.455705 1205 1 2
0 1 1 1 1 1 1 1 1 1 1 1 1 1 1 1 96 0.703498 12.8 1206 0 2
0 1 1 1 1 1 1 1 1 1 1 1 1 1 1 1 96 0.703348 13.1 1207 0 2
0 1 1 1 1 1 1 1 1 1 1 1 1 1 1 1 96 0.7032 13.1 1208 0 2
0 1 1 1 1 1 1 1 1 1 1 1 1 1 1 1 96 0.703092 14 1209 0 2
0 1 1 1 1 1 1 1 1 1 1 1 1 1 1 1 96 0.702926 15.5 1210 0 2
0 1 1 1 1 1 1 1 1 1 1 1 1 1 1 1 96 0.702752 17 1211 0 2
0 1 1 1 1 1 1 1 1 1 1 1 1 1 1 1 96 0.702565 18.6 1212 0 2
0 1 1 1 1 1 1 1 1 1 1 1 1 1 1 1 96 0.702363 19.7 1213 0 2
0 1 1 1 1 1 1 1 1 1 1 1 1 1 1 1 96 0.702151 21 1214 0 2
0 1 1 1 1 1 1 1 1 1 1 1 1 1 1 1 96 0.701928 21.5 1215 0 2
0 1 1 1 1 1 1 1 1 1 1 1 1 1 1 1 96 0.701761 21.8 1216 0 2
0 1 1 1 1 1 1 1 1 1 1 1 1 1 1 1 96 0.701593 21.8 1217 0 2
0 1 1 1 1 1 1 1 1 1 1 1 1 1 1 1 96 0.701449 21.468018 1218 0 2
0 1 1 1 1 1 1 1 1 1 1 1 1 1 1 1 96 0.701375 21.192088 1219 0 2
0 1 1 1 1 1 1 1 1 1 1 1 1 1 1 1 96 0.701293 21.5 1220 0 2
0 1 1 1 1 1 1 1 1 1 1 1 1 1 1 1 96 0.701127 21.8 1221 0 2
0 1 1 1 1 1 1 1 1 1 1 1 1 1 1 1 96 0.70096 22 1222 0 2
0 1 1 1 1 1 1 1 1 1 1 1 1 1 1 1 96 0.700793 21.9 1223 0 2
0 1 1 1 1 1 1 1 1 1 1 1 1 1 1 1 96 0.700671 21.7 1224 0 2
0 1 1 1 1 1 1 1 1 1 1 1 1 1 1 1 96 0.700573 21.5 1225 0 2
0 1 1 1 1 1 1 1 1 1 1 1 1 1 1 1 96 0.700475 21.5 1226 0 2
0 1 1 1 1 1 1 1 1 1 1 1 1 1 1 1 96 0.700334 21.4 1227 0 2
0 1 1 1 1 1 1 1 1 1 1 1 1 1 1 1 96 0.700215 19.266142 1228 1 2
0 1 1 1 1 1 1 1 1 1 1 1 1 1 1 1 96 0.700287 19.5 1229 0 2
0 1 1 1 1 1 1 1 1 1 1 1 1 1 1 1 96 0.700132 19.157992 1230 1 2
0 1 1 1 1 1 1 1 1 1 1 1 1 1 1 1 96 0.700062 19.6 1231 0 2
0 1 1 1 1 1 1 1 1 1 1 1 1 1 1 1 96 0.699907 19.8 1232 0 2
0 1 1 1 1 1 1 1 1 1 1 1 1 1 1 1 96 0.699752 20 1233 0 2
0 1 1 1 1 1 1 1 1 1 1 1 1 1 1 1 96 0.699595 19.300074 1234 1 2
0 1 1 1 1 1 1 1 1 1 1 1 1 1 1 1 96 0.69955 17.5 1235 1 2
0 1 1 1 1 1 1 1 1 1 1 1 1 1 1 1 96 0.69967 15.5 1236 1 2
0 1 1 1 1 1 1 1 1 1 1 1 1 1 1 1 96 0.699795 13 1237 1 2
0 1 1 1 1 1 1 1 1 1 1 1 1 1 1 1 96 0.699938 10 1238 1 2
0 1 1 1 1 1 1 1 1 1 1 1 1 1 1 1 96 0.700081 8 1239 1 2
0 1 1 1 1 1 1 1 1 1 1 1 1 1 1 1 96 0.700118 6 1240 1 2
0 1 1 1 1 1 1 1 1 1 1 1 1 1 1 1 96 0.700131 4 1241 1 2
0 1 1 1 1 1 1 1 1 1 1 1 1 1 1 1 96 0.700123 1.635134 1242 1 2
0 0 1 1 1 1 1 1 1 1 1 1 1 1 1 1 96 0.700092 0.240383 1243 1 2
0 0 1 1 1 1 1 1 1 1 1 1 1 1 1 1 96 0.700043 0 1244 1 2
0 0 1 1 1 1 1 1 1 1 1 1 1 1 1 1 96 0.699988 0 1245 1 2
0 0 1 1 1 1 1 1 1 1 1 1 1 1 1 1 96 0.699963 0 1246 1 2
0 0 1 1 1 1 1 1 1 1 1 1 1 1 1 1 96 0.699938 0 1247 1 2
0 0 1 1 1 1 1 1 1 1 1 1 1 1 1 1 96 0.699913 0 1248 1 2
0 0 1 1 1 1 1 1 1 1 1 1 1 1 1 1 96 0.699889 0 1249 1 2
0 0 1 1 1 1 1 1 1 1 1 1 1 1 1 1 96 0.699864 0 1250 1 2
0 0 1 1 1 1 1 1 1 1 1 1 1 1 1 1 96 0.699839 0 1251 1 2
0 0 1 1 1 1 1 1 1 1 1 1 1 1 1 1 96 0.699814 1 1252 1 2
0 0 1 1 1 1 1 1 1 1 1 1 1 1 1 1 96 0.699744 1 1253 1 2
0 0 1 1 1 1 1 1 1 1 1 1 1 1 1 1 96 0.699686 1 1254 1 2
0 0 1 1 1 1 1 1 1 1 1 1 1 1 1 1 96 0.699628 1 1255 1 2
0 0 1 1 1 1 1 1 1 1 1 1 1 1 1 1 96 0.699571 1 1256 1 2
0 0 1 1 1 1 1 1 1 1 1 1 1 1 1 1 96 0.699513 1.6 1257 1 2
0 0 1 1 1 1 1 1 1 1 1 1 1 1 1 1 96 0.699447 3 1258 1 2
0 0 1 1 1 1 1 1 1 1 1 1 1 1 1 1 96 0.699354 4 1259 1 2
0 1 1 1 1 1 1 1 1 1 1 1 1 1 1 1 96 0.69925 5 1260 0 2
0 1 1 1 1 1 1 1 1 1 1 1 1 1 1 1 96 0.699134 6.3 1261 0 2
0 1 1 1 1 1 1 1 1 1 1 1 1 1 1 1 96 0.699 8 1262 0 2
0 1 1 1 1 1 1 1 1 1 1 1 1 1 1 1 96 0.698847 10 1263 0 2
0 1 1 1 1 1 1 1 1 1 1 1 1 1 1 1 96 0.69867 10.5 1264 0 2
0 1 1 1 1 1 1 1 1 1 1 1 1 1 1 1 96 0.698507 8.869491 1265 1 2
0 1 1 1 1 1 1 1 1 1 1 1 1 1 1 1 96 0.698491 8.374857 1266 1 2
0 1 1 1 1 1 1 1 1 1 1 1 1 1 1 1 96 0.698434 7.168273 1267 1 2
0 1 1 1 1 1 1 1 1 1 1 1 1 1 1 1 96 0.6984 8.8 1268 0 2
0 1 1 1 1 1 1 1 1 1 1 1 1 1 1 1 96 0.698239 11 1269 0 2
0 1 1 1 1 1 1 1 1 1 1 1 1 1 1 1 96 0.698049 14 1270 0 2
0 1 1 1 1 1 1 1 1 1 1 1 1 1 1 1 96 0.69782 17 1271 0 2
0 1 1 1 1 1 1 1 1 1 1 1 1 1 1 1 96 0.69755 19.5 1272 0 2
0 1 1 1 1 1 1 1 1 1 1 1 1 1 1 1 96 0.697356 21 1273 0 2
0 1 1 1 1 1 1 1 1 1 1 1 1 1 1 1 96 0.697147 21.8 1274 0 2
0 1 1 1 1 1 1 1 1 1 1 1 1 1 1 1 96 0.69693 22.2 1275 0 2
0 1 1 1 1 1 1 1 1 1 1 1 1 1 1 1 96 0.696769 23 1276 0 2
0 1 1 1 1 1 1 1 1 1 1 1 1 1 1 1 96 0.696606 23.6 1277 0 2
0 1 1 1 1 1 1 1 1 1 1 1 1 1 1 1 96 0.69644 24.1 1278 0 2
0 1 1 1 1 1 1 1 1 1 1 1 1 1 1 1 96 0.696271 24.5 1279 0 2
0 1 1 1 1 1 1 1 1 1 1 1 1 1 1 1 96 0.6961 24.5 1280 0 2
0 1 1 1 1 1 1 1 1 1 1 1 1 1 1 1 96 0.695939 23.821209 1281 1 2
0 1 1 1 1 1 1 1 1 1 1 1 1 1 1 1 96 0.695893 23.475999 1282 1 2
0 1 1 1 1 1 1 1 1 1 1 1 1 1 1 1 96 0.695822 23.5 1283 0 2
0 1 1 1 1 1 1 1 1 1 1 1 1 1 1 1 96 0.695664 23.5 1284 0 2
0 1 1 1 1 1 1 1 1 1 1 1 1 1 1 1 96 0.695511 23.5 1285 0 2
0 1 1 1 1 1 1 1 1 1 1 1 1 1 1 1 96 0.695359 23.5 1286 0 2
0 1 1 1 1 1 1 1 1 1 1 1 1 1 1 1 96 0.695206 23.5 1287 0 2
0 1 1 1 1 1 1 1 1 1 1 1 1 1 1 1 96 0.695054 24 1288 0 2
0 1 1 1 1 1 1 1 1 1 1 1 1 1 1 1 96 0.694888 24.1 1289 0 2
0 1 1 1 1 1 1 1 1 1 1 1 1 1 1 1 96 0.694722 24.5 1290 0 2
0 1 1 1 1 1 1 1 1 1 1 1 1 1 1 1 96 0.694554 24.7 1291 0 2
0 1 1 1 1 1 1 1 1 1 1 1 1 1 1 1 96 0.694385 25 1292 0 2
0 1 1 1 1 1 1 1 1 1 1 1 1 1 1 1 96 0.694215 25.4 1293 0 2
0 1 1 1 1 1 1 1 1 1 1 1 1 1 1 1 96 0.694044 25.6 1294 0 2
0 1 1 1 1 1 1 1 1 1 1 1 1 1 1 1 96 0.693872 25.7 1295 0 2
0 1 1 1 1 1 1 1 1 1 1 1 1 1 1 1 96 0.693699 26 1296 0 2
0 1 1 1 1 1 1 1 1 1 1 1 1 1 1 1 96 0.693526 26.2 1297 0 2
0 1 1 1 1 1 1 1 1 1 1 1 1 1 1 1 96 0.693351 27 1298 0 2
0 1 1 1 1 1 1 1 1 1 1 1 1 1 1 1 96 0.693174 27.8 1299 0 2
0 1 1 1 1 1 1 1 1 1 1 1 1 1 1 1 96 0.692994 28.3 1300 0 2
0 1 1 1 1 1 1 1 1 1 1 1 1 1 1 1 96 0.69281 29 1301 0 2
0 1 1 1 1 1 1 1 1 1 1 1 1 1 1 1 96 0.692624 29.1 1302 0 2
0 1 1 1 1 1 1 1 1 1 1 1 1 1 1 1 96 0.692437 29 1303 0 2
0 1 1 1 1 1 1 1 1 1 1 1 1 1 1 1 96 0.692286 27.446595 1304 1 2
0 1 1 1 1 1 1 1 1 1 1 1 1 1 1 1 96 0.692341 24.7 1305 1 2
0 1 1 1 1 1 1 1 1 1 1 1 1 1 1 1 96 0.692661 21.4 1306 1 2
0 1 1 1 1 1 1 1 1 1 1 1 1 1 1 1 96 0.693005 18.1 1307 1 2
0 1 1 1 1 1 1 1 1 1 1 1 1 1 1 1 96 0.693296 14.8 1308 1 2
0 1 1 1 1 1 1 1 1 1 1 1 1 1 1 1 96 0.693538 11.5 1309 1 2
0 1 1 1 1 1 1 1 1 1 1 1 1 1 1 1 96 0.69373 8.2 1310 1 2
0 1 1 1 1 1 1 1 1 1 1 1 1 1 1 1 96 0.693862 4.9 1311 1 2
0 1 1 1 1 1 1 1 1 1 1 1 1 1 1 1 96 0.69392 1.6 1312 1 2
0 0 1 1 1 1 1 1 1 1 1 1 1 1 1 1 96 0.693924 0 1313 1 2
0 0 1 1 1 1 1 1 1 1 1 1 1 1 1 1 96 0.693876 0 1314 1 2
0 0 1 1 1 1 1 1 1 1 1 1 1 1 1 1 96 0.693851 0 1315 1 2
0 0 1 1 1 1 1 1 1 1 1 1 1 1 1 1 96 0.693827 0 1316 1 2
0 0 1 1 1 1 1 1 1 1 1 1 1 1 1 1 96 0.693802 0 1317 1 2
0 0 1 1 1 1 1 1 1 1 1 1 1 1 1 1 96 0.693777 0 1318 1 2
0 0 1 1 1 1 1 1 1 1 1 1 1 1 1 1 96 0.693752 0 1319 1 2
0 0 1 1 1 1 1 1 1 1 1 1 1 1 1 1 96 0.693727 0 1320 1 2
0 0 1 1 1 1 1 1 1 1 1 1 1 1 1 1 96 0.693703 0 1321 1 2
0 0 1 1 1 1 1 1 1 1 1 1 1 1 1 1 96 0.693678 0 1322 1 2
0 0 1 1 1 1 1 1 1 1 1 1 1 1 1 1 96 0.693653 0 1323 1 2
0 0 1 1 1 1 1 1 1 1 1 1 1 1 1 1 96 0.693628 0 1324 1 2
0 0 1 1 1 1 1 1 1 1 1 1 1 1 1 1 96 0.693604 0 1325 1 2
0 0 1 1 1 1 1 1 1 1 1 1 1 1 1 1 96 0.693579 0 1326 1 2
0 0 1 1 1 1 1 1 1 1 1 1 1 1 1 1 96 0.693554 0 1327 1 2
0 0 1 1 1 1 1 1 1 1 1 1 1 1 1 1 96 0.693529 0 1328 1 2
0 0 1 1 1 1 1 1 1 1 1 1 1 1 1 1 96 0.693504 0 1329 1 2
0 0 1 1 1 1 1 1 1 1 1 1 1 1 1 1 96 0.69348 0 1330 1 2
0 0 1 1 1 1 1 1 1 1 1 1 1 1 1 1 96 0.693455 0 1331 1 2
0 0 1 1 1 1 1 1 1 1 1 1 1 1 1 1 96 0.69343 0 1332 1 2
0 0 1 1 1 1 1 1 1 1 1 1 1 1 1 1 96 0.693405 0 1333 1 2
0 0 1 1 1 1 1 1 1 1 1 1 1 1 1 1 96 0.69338 0 1334 1 2
0 0 1 1 1 1 1 1 1 1 1 1 1 1 1 1 96 0.693356 0 1335 1 2
0 0 1 1 1 1 1 1 1 1 1 1 1 1 1 1 96 0.693331 0 1336 1 2
0 0 1 1 1 1 1 1 1 1 1 1 1 1 1 1 96 0.693306 0 1337 1 2
0 0 1 1 1 1 1 1 1 1 1 1 1 1 1 1 96 0.693281 1.5 1338 1 2
0 0 1 1 1 1 1 1 1 1 1 1 1 1 1 1 96 0.693205 4.8 1339 1 2
0 1 1 1 1 1 1 1 1 1 1 1 1 1 1 1 96 0.693029 8.1 1340 0 2
0 1 1 1 1 1 1 1 1 1 1 1 1 1 1 1 96 0.692893 11.4 1341 0 2
0 1 1 1 1 1 1 1 1 1 1 1 1 1 1 1 96 0.692717 13.2 1342 0 2
0 1 1 1 1 1 1 1 1 1 1 1 1 1 1 1 96 0.692508 15.1 1343 0 2
0 1 1 1 1 1 1 1 1 1 1 1 1 1 1 1 96 0.692358 16.8 1344 0 2
0 1 1 1 1 1 1 1 1 1 1 1 1 1 1 1 96 0.692195 18.3 1345 0 2
0 1 1 1 1 1 1 1 1 1 1 1 1 1 1 1 96 0.69202 19.5 1346 0 2
0 1 1 1 1 1 1 1 1 1 1 1 1 1 1 1 96 0.691836 20.3 1347 0 2
0 1 1 1 1 1 1 1 1 1 1 1 1 1 1 1 96 0.691645 21.3 1348 0 2
0 1 1 1 1 1 1 1 1 1 1 1 1 1 1 1 96 0.691448 21.9 1349 0 2
0 1 1 1 1 1 1 1 1 1 1 1 1 1 1 1 96 0.691299 22.1 1350 0 2
0 1 1 1 1 1 1 1 1 1 1 1 1 1 1 1 96 0.69115 22.4 1351 0 2
0 1 1 1 1 1 1 1 1 1 1 1 1 1 1 1 96 0.691 21.890816 1352 1 2
0 1 1 1 1 1 1 1 1 1 1 1 1 1 1 1 96 0.690937 21.575784 1353 0 2
0 1 1 1 1 1 1 1 1 1 1 1 1 1 1 1 96 0.690863 20.926362 1354 1 2
0 1 1 1 1 1 1 1 1 1 1 1 1 1 1 1 96 0.690815 20.362987 1355 1 2
0 1 1 1 1 1 1 1 1 1 1 1 1 1 1 1 96 0.690761 19.911233 1356 1 2
0 1 1 1 1 1 1 1 1 1 1 1 1 1 1 1 96 0.690696 19.571681 1357 1 2
0 1 1 1 1 1 1 1 1 1 1 1 1 1 1 1 96 0.690627 17.84091 1358 1 2
0 1 1 1 1 1 1 1 1 1 1 1 1 1 1 1 96 0.690661 17.418726 1359 1 2
0 1 1 1 1 1 1 1 1 1 1 1 1 1 1 1 96 0.690599 15.954881 1360 1 2
0 1 1 1 1 1 1 1 1 1 1 1 1 1 1 1 96 0.690607 15.320822 1361 1 2
0 1 1 1 1 1 1 1 1 1 1 1 1 1 1 1 96 0.690559 13.125923 1362 1 2
0 1 1 1 1 1 1 1 1 1 1 1 1 1 1 1 96 0.6906 11 1363 1 2
0 1 1 1 1 1 1 1 1 1 1 1 1 1 1 1 96 0.690689 8 1364 1 2
0 1 1 1 1 1 1 1 1 1 1 1 1 1 1 1 96 0.690797 5.2 1365 1 2
0 1 1 1 1 1 1 1 1 1 1 1 1 1 1 1 96 0.690837 2.5 1366 1 2
0 0 1 1 1 1 1 1 1 1 1 1 1 1 1 1 96 0.690837 0 1367 1 2
0 0 1 1 1 1 1 1 1 1 1 1 1 1 1 1 96 0.6908 0 1368 1 2
0 0 1 1 1 1 1 1 1 1 1 1 1 1 1 1 96 0.690775 0 1369 1 2